-0.054473876953125
0.0129852294921875
0.04974365234375
0.03515625
0.056640625
-0.0602874755859375
0.0284423828125
0.02826690673828125
-0.04779052734375
-0.0
-0.0130462646484375
-0.011566162109375
-0.07215118408203125
-0.041576385498046875
0.0
0.0694580078125
-0.023162841796875
0.01421356201171875
-0.03009796142578125
-0.0
-0.007171630859375
0.0461578369140625
0.066650390625
-0.01300048828125
0.0285491943359375
-0.042724609375
0.04474639892578125
-0.01531982421875
-0.04705810546875
0.018035888671875
0.07442474365234375
0.02325439453125
