-0.0037946761585772038
-0.05415425822138786
0.07537323236465454
-0.0570688396692276
0.000303705659462139
-0.00586423696950078
0.04363326355814934
0.013186522759497166
0.003395541338250041
-0.0091475248336792
-0.012966088019311428
-0.022877156734466553
-0.0007692955550737679
-0.03267257660627365
0.019956311210989952
0.0158991701900959
-0.00045405502896755934
0.0435340590775013
0.004927878268063068
-0.0005143391899764538
-0.05382879450917244
0.07653378695249557
0.014382552355527878
0.0427139550447464
-0.0028284923173487186
0.0505848154425621
0.0664849579334259
0.0016054206062108278
0.003861641278490424
0.023367250338196754
0.06592882424592972
-0.034915100783109665
-0.38770952820777893
0.0043709296733140945
0.001400308101437986
0.11738856136798859
0.007669901009649038
0.017524128779768944
-0.006273265462368727
0.02940264716744423
0.07219308614730835
0.04601653665304184
-0.00980026088654995
0.07297307997941971
-0.012082886882126331
-0.04104236140847206
0.07340266555547714
0.021132929250597954
0.008829939179122448
-0.07642965763807297
-0.036691341549158096
-0.058362118899822235
0.008197939954698086
-0.013273477554321289
0.28394874930381775
-0.03797155246138573
0.06822165846824646
-0.342665433883667
-0.050453558564186096
0.07601229101419449
0.00915395375341177
0.12173279374837875
0.007873003371059895
-0.019130654633045197
-0.013040645979344845
0.027902593836188316
0.00886866170912981
0.006395985838025808
0.024494368582963943
0.014815577305853367
-0.143539696931839
-0.05083615705370903
-0.005926393438130617
0.06511808931827545
0.004995470400899649
-0.0020418509375303984
-0.0075473906472325325
0.025265773758292198
0.04909409582614899
0.0004966897540725768
0.08987225592136383
-0.13505953550338745
-0.018956029787659645
0.017764195799827576
0.1506771296262741
-0.40631648898124695
0.008059314452111721
-0.08897315710783005
0.0033534192480146885
0.025501299649477005
0.009887623600661755
-0.006065125577151775
5.589222928392701e-05
-0.059550244361162186
-0.001404498121701181
0.00238871481269598
-0.02910958044230938
-0.00810079276561737
0.06772511452436447
-0.006676351185888052
0.28753677010536194
-0.01856989599764347
0.07733488082885742
0.015741772949695587
0.012673288583755493
0.020870821550488472
-0.0525553934276104
0.007666855119168758
-0.0004812151601072401
0.10335681587457657
5.645913552143611e-05
-5.648449223372154e-05
0.00032851332798600197
0.025207096710801125
-0.011226702481508255
0.0033972477540373802
0.013373708352446556
0.005825103726238012
-0.012492410838603973
0.012296047993004322
-0.004960524383932352
-0.09016210585832596
0.00738422991707921
-0.08985312283039093
0.0005012090550735593
0.1032046228647232
0.006713009439408779
0.0640459880232811
-0.007531017996370792
0.04214717820286751
-0.012227724306285381
-0.00017419403593521565
0.02118290774524212
-0.010674741119146347
-0.0008936121012084186
-0.0009617125615477562
-0.005694686900824308
-0.04727840796113014
-0.013872524723410606
0.001452806405723095
0.18984411656856537
-0.13764400780200958
0.17274607717990875
-0.08629631251096725
-0.03893238678574562
0.029927657917141914
0.00804983638226986
-0.011292885057628155
-0.05588012561202049
0.10371585190296173
0.021341919898986816
-0.021179523319005966
0.03827138617634773
-0.004340867046266794
0.04590936005115509
0.0020996564999222755
-0.023400263860821724
0.0716814175248146
-0.05780753493309021
-0.02298135682940483
-0.018944090232253075
0.01349713932722807
-0.019304921850562096
0.05672663450241089
-0.05706194415688515
-0.0016138990176841617
0.07574822753667831
0.007137279491871595
-0.03396429494023323
0.047688357532024384
0.0861208513379097
0.13196499645709991
-0.05197032913565636
-0.010932845063507557
-0.0014689596137031913
0.00022940943017601967
-2.2668050405627582e-06
0.04772849380970001
0.21276605129241943
-0.036630600690841675
-4.302017987356521e-05
-0.014206120744347572
-0.059275101870298386
0.7166411876678467
0.038891181349754333
-0.3341546654701233
-0.01898934133350849
-0.0011287436354905367
0.01448082085698843
-0.05019374191761017
-0.003668127115815878
0.5910741090774536
0.02148585021495819
0.021049831062555313
-0.012547413818538189
0.0029152033384889364
0.03746934235095978
-0.012630651704967022
0.007825051434338093
0.10140102356672287
-0.11856084316968918
0.10975351929664612
0.0010133107425644994
-0.0068489559926092625
-0.028159286826848984
-0.15065239369869232
-0.0013504407834261656
0.0032290893141180277
-0.006168410647660494
-0.003912786953151226
0.021044224500656128
-0.09132033586502075
-0.001958256121724844
0.02103983797132969
0.018597619608044624
-0.03410152718424797
0.005240573547780514
0.0004319811996538192
-0.029747309163212776
0.117050901055336
0.014141812920570374
-0.012415392324328423
0.029510635882616043
-0.045196790248155594
-0.029764441773295403
-0.006715110503137112
0.09472941607236862
0.007333984132856131
-0.01257271133363247
-0.0037603829987347126
0.0862923115491867
-0.014516817405819893
-0.002832158701494336
0.06909532099962234
-0.10261157900094986
0.007182156667113304
-0.013091636821627617
0.008411395363509655
-0.006106543820351362
0.1508869081735611
-0.008157597854733467
-0.0033360759261995554
0.008885140530765057
0.35350367426872253
0.0021025333553552628
-0.2672877013683319
-0.01568649709224701
0.03161420673131943
-0.011278173886239529
0.004368179012089968
-0.0014984343433752656
0.09392168372869492
-0.08234851807355881
0.059546127915382385
-0.010671590454876423
-0.001550998305901885
-0.024691494181752205
0.012128688395023346
-0.002356761135160923
0.15222683548927307
-0.0028980467468500137
-0.0777546688914299
-0.008003002032637596
-0.020556462928652763
0.014733437448740005
0.036324795335531235
0.03730732202529907
0.1651780903339386
0.0002671982510946691
0.050704292953014374
0.003605716861784458
-0.06373070925474167
-0.009680368937551975
-0.001417608349584043
0.0034963327925652266
0.0031595092732459307
-0.025099964812397957
-0.057011593133211136
0.01143856905400753
0.24765685200691223
0.21039611101150513
0.10976660996675491
-0.0020603418815881014
-0.001247709384188056
-0.007349687162786722
0.008956022560596466
-0.00798642635345459
-0.017229627817869186
0.013017727062106133
-0.027890803292393684
0.018972156569361687
-0.047938503324985504
0.022478174418210983
-0.12914972007274628
0.0038386646192520857
0.0033550020307302475
-0.03496605157852173
0.009553587064146996
-0.1055225357413292
0.05365306884050369
0.01127263717353344
0.0038766900543123484
0.24832551181316376
0.010349361225962639
-0.015305554494261742
0.09834886342287064
0.008331998251378536
0.004188703838735819
-0.005845275707542896
-0.015684567391872406
0.01917926035821438
0.010239332914352417
0.05943292751908302
-0.033473171293735504
-0.04814596846699715
-0.061900414526462555
0.017537228763103485
0.0018184599466621876
0.02639635279774666
0.05027502402663231
0.01244643609970808
0.011707514524459839
0.034079842269420624
-0.00566432811319828
0.01283527072519064
0.0015029518399387598
-0.0023583630099892616
0.16350477933883667
0.30441591143608093
-0.11410635709762573
-0.01791626773774624
-0.013761055655777454
0.015754487365484238
0.06972252577543259
0.04205736890435219
0.04294678941369057
0.09261103719472885
0.04982208088040352
-0.0971393883228302
0.013383645564317703
0.0007907478720881045
-0.14553265273571014
0.046361714601516724
0.01065127644687891
1.0350755453109741
0.0006172966095618904
-0.02272213250398636
-0.02299216203391552
0.002722475677728653
0.01814991980791092
0.062336504459381104
-0.0018291100859642029
0.039830829948186874
0.1203325018286705
0.017836885526776314
-0.0989697054028511
0.011118907481431961
0.004444503225386143
0.006952183321118355
0.03781427815556526
0.1202884390950203
-0.0037537370808422565
-0.00018272147281095386
0.15722692012786865
0.16219913959503174
0.005378945264965296
-0.014217972755432129
-0.0033596279099583626
0.0040257773362100124
-0.017063358798623085
-0.03860308974981308
0.022993991151452065
0.006213542073965073
0.1411370486021042
-0.06174273416399956
0.00964998546987772
-0.1513236165046692
0.016865987330675125
0.005926337093114853
-0.04732269048690796
-0.02824564464390278
-0.0767170712351799
0.03076940029859543
3.7010122468927875e-05
0.0031425433699041605
0.10643972456455231
0.034025639295578
0.00011339804768795148
0.0030390426982194185
0.01922977901995182
0.033783022314310074
0.0351363867521286
0.03195717930793762
0.008017227984964848
0.0041184513829648495
0.047708503901958466
-0.11660774052143097
0.004643216263502836
0.016656549647450447
0.03309255838394165
-0.07712112367153168
-0.0004770867817569524
0.012474123388528824
0.002783165080472827
0.01120695099234581
-0.24093659222126007
-0.030950291082262993
0.0008461168617941439
-0.022333631291985512
0.19501084089279175
-0.015464212745428085
0.06189382076263428
0.09582533687353134
-0.07224869728088379
0.015071521513164043
0.012883500196039677
-0.006116960663348436
0.028974810615181923
-0.019336475059390068
-0.00042874563951045275
-0.004322110675275326
-0.004760831594467163
-0.004140113480389118
-0.002588947769254446
0.005418574903160334
-0.007976767607033253
0.00984374899417162
-0.03525037318468094
0.0020667535718530416
0.025490207597613335
0.00023877082276158035
-0.01970154047012329
0.12567926943302155
-0.033026356250047684
0.012442976236343384
-0.037400003522634506
0.18410350382328033
0.018384616822004318
-0.00041355210123583674
0.6360798478126526
0.11821573972702026
0.004408999811857939
-0.018086368218064308
-0.004692289046943188
0.025582512840628624
0.002372323302552104
-0.0923524871468544
0.0020516621880233288
0.020409828051924706
-0.03930662199854851
0.05021783336997032
0.008054010570049286
0.005877466406673193
0.006913238205015659
-0.04944172129034996
0.005163080058991909
-0.002803763374686241
0.012555168010294437
-0.027248987928032875
-0.015638738870620728
-0.407329261302948
-0.01143855880945921
-0.0041706617921590805
0.048011280596256256
0.3769162595272064
-0.0011794985039159656
0.008229335770010948
-0.04264528304338455
0.0009306147112511098
0.11368414759635925
0.17637819051742554
-0.0015799751272425056
0.01467250008136034
-0.325806200504303
0.025874296203255653
-0.05498746037483215
-0.0849953219294548
9.012847294798121e-05
0.023671288043260574
-0.01752281002700329
0.004404725041240454
0.07417074590921402
0.00521771889179945
-0.029377268627285957
0.020066071301698685
-0.03149252012372017
0.015767280012369156
0.3056081235408783
0.03664574399590492
-0.0018962897593155503
-0.1096232682466507
-0.0834551528096199
0.0381060354411602
0.04060640186071396
-0.05457082763314247
0.04022864252328873
0.010171606205403805
-0.045762185007333755
0.027766935527324677
-0.0003531863330863416
-0.0005424539558589458
0.1299327313899994
0.18224026262760162
0.0009216401376761496
0.059335384517908096
0.033469922840595245
-0.11600036174058914
0.0446791872382164
0.0038981533143669367
0.024873990565538406
0.02348560467362404
-0.019842667505145073
0.022120242938399315
-0.20120196044445038
0.020391907542943954
0.044122740626335144
-0.013434899039566517
0.06526126712560654
-0.13618868589401245
-0.027423297986388206
-0.05427815765142441
-0.08858215063810349
-0.022869493812322617
-0.014744633808732033
-0.0228014774620533
0.0003951332764700055
0.11823868006467819
0.012392346747219563
0.0024915868416428566
-0.007215135730803013
0.004732443019747734
-0.058142419904470444
-0.0009074762929230928
-0.017969230189919472
0.000525497947819531
-0.022129017859697342
-0.04569525644183159
-0.000660801597405225
-0.004040511790663004
-0.0917099118232727
-0.0017440984956920147
0.0003313467896077782
0.04062974825501442
0.051596902310848236
0.015522338449954987
1.912806283144164e-06
-0.051511649042367935
-0.02414506860077381
0.03529182821512222
0.033566173166036606
0.03233881667256355
-0.011609621345996857
0.0452360175549984
0.1295105367898941
0.00027357888757251203
0.028258439153432846
-0.01496386993676424
0.0016549264546483755
0.0354696661233902
-0.006933197844773531
0.046819187700748444
-0.06960411369800568
0.0013045729137957096
0.003876635106280446
-0.02754954993724823
0.0053549641743302345
-0.4099672734737396
0.10151361674070358
-0.033732444047927856
-0.007788277696818113
0.07786020636558533
-0.17575739324092865
-0.050174832344055176
-0.05500611662864685
0.06463979929685593
3.500798993627541e-05
-0.013461173512041569
0.17128808796405792
0.008398263715207577
-0.011097957380115986
-0.0023777447640895844
-3.088202720391564e-05
-0.019382484257221222
0.0427250899374485
0.0068854521960020065
0.009932990185916424
0.029934125021100044
-0.09368231147527695
0.1114460751414299
0.8288546800613403
0.036194395273923874
-0.022695181891322136
0.00556363957002759
0.0016312871593981981
0.015461720526218414
0.0157829187810421
-0.10396740585565567
0.016563234850764275
0.03548557683825493
-0.013843616470694542
0.005837214644998312
-0.021165668964385986
-0.0557715967297554
0.8996955156326294
-0.029188353568315506
-0.027683114632964134
-0.1082853302359581
-0.005339600145816803
-0.04184029623866081
0.009027773514389992
0.097935751080513
0.01423682551831007
-0.10719331353902817
0.021424993872642517
-0.015069018118083477
0.00022930257546249777
-0.19917424023151398
0.020501745864748955
0.018180839717388153
0.0003216782642994076
-0.023876389488577843
-0.06534318625926971
-0.02492104470729828
-0.03306431695818901
-0.021714530885219574
0.026945939287543297
-0.0006192304426804185
0.004979552701115608
-0.00672245305031538
-0.02417014352977276
-0.008672132156789303
0.0066405534744262695
-0.0015156872104853392
-0.017972473055124283
-0.007521222345530987
-0.016053805127739906
0.0006687242421321571
0.12379751354455948
-0.14865025877952576
-0.3314730226993561
-0.14797793328762054
-0.07024649530649185
-0.14014387130737305
0.041089363396167755
0.0006884858012199402
0.07235275954008102
-0.0008163329912349582
-0.06077476590871811
-0.022327912971377373
0.09306485950946808
-0.0832807645201683
-0.0029109979514032602
-0.004164922516793013
-0.006724209524691105
0.01208193227648735
-0.0023377640172839165
0.15225933492183685
0.04349881410598755
0.01766132190823555
0.07384850084781647
0.0028324925806373358
0.0031058613676577806
-0.007278581615537405
0.062103599309921265
-0.01075053121894598
0.0010649749310687184
0.02343505062162876
-0.03449300676584244
-0.0038755564019083977
-0.011683963239192963
-0.03204042464494705
-0.0008589975186623633
0.08950993418693542
-0.04118567332625389
-0.0034789403434842825
-0.00839243084192276
-0.03235257789492607
-0.013308645226061344
-0.0051592024974524975
0.03661331161856651
0.017599962651729584
-0.00032486338750459254
-0.05182423070073128
-0.011813672259449959
-0.09723113477230072
0.06317058205604553
0.05674515292048454
0.12122713774442673
-1.883906952571124e-05
0.09294643253087997
0.02941848151385784
0.0008948664763011038
-0.005810036789625883
-0.1539807766675949
0.005114549770951271
-0.023970652371644974
0.04935935512185097
-0.05248966068029404
0.022483883425593376
-0.003403302049264312
0.0024697117041796446
-0.01567690633237362
-0.09872373938560486
0.007681047078222036
-0.0633331760764122
-0.017103254795074463
0.09885582327842712
-0.0006433382513932884
0.019018014892935753
-0.02432738058269024
0.008123790845274925
-0.009657605551183224
0.022616207599639893
0.040792934596538544
0.0032512866891920567
-0.02822115272283554
-0.01170035544782877
-0.009847287088632584
0.08540628105401993
0.023571638390421867
-0.08879324793815613
-0.09412194788455963
-0.01476376410573721
-0.0706203356385231
0.00956046674400568
0.000171609251992777
-0.01155452523380518
-0.015395842492580414
-0.03713270276784897
0.10385066270828247
0.0025702265556901693
0.01599612459540367
0.0033090985380113125
0.13792376220226288
-0.02245062030851841
0.007018857169896364
0.00887144636362791
0.04506237059831619
0.15032970905303955
0.01490530464798212
0.07126133888959885
-0.005763530265539885
-0.014906509779393673
0.015734968706965446
-0.015738435089588165
-0.007396123372018337
-0.014972887001931667
0.008987288922071457
-0.050537049770355225
0.018070241436362267
-0.009593901224434376
0.001452784868888557
0.015877898782491684
-0.0008379517239518464
-0.0061429888010025024
0.0031104625668376684
-0.017784101888537407
0.014344821684062481
0.006049108691513538
0.006826485972851515
-0.09080040454864502
0.07026020437479019
-0.16056430339813232
-0.206099733710289
-0.0017475762870162725
0.0058850194327533245
0.07226991653442383
-0.014209271408617496
-0.02454887330532074
0.010987027548253536
0.026530088856816292
-0.003678183304145932
0.033998891711235046
-0.007618927862495184
0.16076040267944336
0.017611881718039513
-0.16925762593746185
0.13139937818050385
0.042154084891080856
0.010811062529683113
-0.024908583611249924
0.06599213182926178
0.06655728071928024
-0.0918324813246727
0.05098283290863037
0.16508693993091583
0.059098634868860245
-0.07061492651700974
0.0030649304389953613
0.029963282868266106
0.14080777764320374
-0.08927217125892639
-0.07063464820384979
0.009004047140479088
0.09181027114391327
-1.6334573956555687e-05
0.027470950037240982
0.008690953254699707
-0.03452920913696289
0.005190825089812279
0.0017957170493900776
0.10133421421051025
-0.019910400733351707
-0.029092706739902496
0.06827273219823837
0.0601859875023365
-0.00015091430395841599
-0.00882391445338726
0.09525269269943237
0.23818407952785492
-0.10309582948684692
0.8834891319274902
0.037393320351839066
0.0007247193134389818
0.0007575415656901896
0.01097419485449791
0.004049576818943024
0.12669913470745087
-0.03210936859250069
-0.0019062453648075461
0.14105837047100067
0.024072090163826942
0.001851580454967916
-0.00042901572305709124
0.10370081663131714
-0.0030071809887886047
0.0007932894513942301
-0.00974428653717041
0.041230782866477966
-0.018530525267124176
0.06655032932758331
-0.0007939469069242477
0.00028666193247772753
0.011772667989134789
0.058723896741867065
0.17457734048366547
0.08717662841081619
-0.03749816119670868
0.010441801510751247
-0.01882665604352951
0.17192062735557556
-0.11348175257444382
-0.021190660074353218
-0.10194049030542374
0.3882777690887451
-0.002132632303982973
0.04264708608388901
0.018752366304397583
-0.006670225877314806
-0.029131565243005753
0.3866190016269684
-0.023106668144464493
-0.0007964760879985988
-0.0067560141906142235
0.05422675609588623
0.09984444081783295
0.001749556977301836
0.0028929414693266153
-0.025650089606642723
0.10562459379434586
-0.11275002360343933
0.008561402559280396
-0.005422054789960384
0.0004625899309758097
0.05561668798327446
0.0010745396139100194
0.008895240724086761
0.025788133963942528
-0.260171115398407
0.030057251453399658
0.01199217326939106
0.010917059145867825
-0.09350834786891937
0.03670839965343475
-0.10018105059862137
0.013117233291268349
-0.04705418273806572
0.0014426339184865355
0.01278294064104557
0.027045462280511856
-0.019408266991376877
0.077824667096138
-0.0011738085886463523
0.0857374295592308
-0.22152423858642578
-0.016551697626709938
-0.00901300460100174
-0.007590625435113907
0.0421895831823349
0.025679215788841248
-0.19043824076652527
0.04196183383464813
-0.0507475808262825
-0.014225074090063572
-0.06031729280948639
0.07484880089759827
0.006138989236205816
-0.01057098712772131
0.05854444205760956
0.0026333711575716734
0.02997947297990322
-0.008629273623228073
0.004677685908973217
-0.060946930199861526
0.011665254831314087
0.025467023253440857
0.028622064739465714
-0.024133726954460144
0.01608615554869175
-0.015867045149207115
-0.07374976575374603
-0.008811915293335915
-0.008513851091265678
-0.05800187587738037
-0.12881073355674744
0.0008929070318117738
0.053675927221775055
-0.130848690867424
0.04510559141635895
0.017861081287264824
0.10490172356367111
-0.15279603004455566
-0.03386553376913071
0.015264347195625305
0.003596742171794176
0.2770770788192749
-0.01824895478785038
0.01155234407633543
-0.014306072145700455
-0.007618336472660303
-0.07699678093194962
-0.2634718120098114
0.017702676355838776
0.0003997748426627368
0.0021645466331392527
-0.05818261206150055
0.0027647411916404963
-0.07119886577129364
-0.0773201733827591
-0.041084326803684235
-0.012702204287052155
0.0022620183881372213
0.06604684889316559
-0.31650710105895996
0.00774192763492465
0.001330126659013331
0.012893622741103172
0.001973548671230674
0.017576299607753754
-0.0025349538773298264
0.059818368405103683
-0.008763101883232594
0.008896579965949059
0.025042248889803886
0.015242944471538067
-0.0112698283046484
-0.047255728393793106
-0.0043850913643836975
-0.002306586131453514
-0.0010149880545213819
0.03780989721417427
0.006592317018657923
0.011258983053267002
-0.033467214554548264
-0.028647253289818764
0.06036333739757538
-0.006270959507673979
0.028069017454981804
-0.025420431047677994
0.08629202097654343
-0.048914168030023575
-8.338195766555145e-05
0.005497867241501808
-0.007783196866512299
-0.008604365400969982
-0.014368273317813873
0.02311873994767666
0.037039630115032196
-0.01599818281829357
0.02554846554994583
0.028931962326169014
-0.057119596749544144
0.19814206659793854
-0.16782031953334808
0.00021307884890120476
0.008735371753573418
0.009218371473252773
0.011144115589559078
0.0167459137737751
-0.003671932267025113
0.05608795955777168
0.01126775611191988
-0.09275420755147934
0.1774967908859253
0.01776564121246338
0.31248676776885986
0.11660384386777878
-0.001476345001719892
0.0030016887467354536
0.024657096713781357
-1.4577447473129723e-05
-0.00355866109021008
0.010055193677544594
-0.025438468903303146
0.021144332364201546
0.04155922308564186
0.008603152818977833
-0.006551465950906277
0.0024631060659885406
-0.004587256815284491
-0.026396209374070168
-0.16312862932682037
-0.027476903051137924
0.017622610554099083
0.005163703579455614
0.029008151963353157
-0.03276155889034271
-0.0007057946058921516
0.02478424273431301
-0.002211140003055334
-0.008969985879957676
-0.11500857770442963
0.02485019341111183
-0.0356929637491703
-0.07254201173782349
0.02490091510117054
-0.023501165211200714
0.09148194640874863
-0.01175020169466734
-0.030305732041597366
0.01762707158923149
-0.03634801506996155
0.07278525829315186
0.5898999571800232
-0.00010010082041844726
0.09451276063919067
0.15626384317874908
0.16238106787204742
-0.06120895966887474
-0.0038504127878695726
-0.11112718284130096
-0.009769599884748459
0.16660405695438385
-0.03604584559798241
0.02972174435853958
-0.0065950010903179646
-0.021027065813541412
-0.05212588608264923
0.020116202533245087
-0.0014911462785676122
-0.014988541603088379
-0.014593811705708504
0.00384522695094347
0.01536574400961399
0.11231260001659393
0.07613513618707657
0.010234193876385689
-0.11510065943002701
-0.11931804567575455
-0.1836501657962799
-0.00532946502789855
-0.7563158869743347
-0.01209959201514721
0.39390185475349426
-0.029102541506290436
-0.05581241846084595
0.2498854100704193
0.06808076053857803
-0.06530830264091492
0.01202447060495615
0.029672397300601006
-0.0378698855638504
0.028947610408067703
-0.03542909026145935
0.04016311839222908
0.004811474122107029
-0.0015172645216807723
0.013032587245106697
0.0360238216817379
9.641467477194965e-05
-0.0021512648090720177
0.021375171840190887
0.09751314669847488
-0.0839691311120987
0.18366596102714539
-0.0021316034253686666
0.01250903494656086
-0.005001445766538382
-0.012783071026206017
-0.001989074982702732
0.18533927202224731
0.021314265206456184
-0.01379754301160574
0.015989134088158607
-0.004467453807592392
-0.013267775997519493
0.05176510289311409
-0.056395888328552246
-0.08137299865484238
-0.02929091826081276
0.03471042960882187
-0.00282901618629694
0.011493355967104435
-0.07792174816131592
0.002044753171503544
0.0635375827550888
-0.0004451308341231197
0.014154940843582153
-0.006377041339874268
0.007229308132082224
0.007136328145861626
-0.022118419408798218
0.22800184786319733
0.010834519751369953
-0.006846821866929531
-0.01464477926492691
-0.11468502879142761
-0.05459514260292053
0.004428601358085871
-0.004700981546193361
-0.013432236388325691
0.011908510699868202
0.008145065046846867
-0.1270458698272705
-0.2786691188812256
0.14718404412269592
0.028688739985227585
0.0015275045298039913
0.06257733702659607
0.14925529062747955
-0.1269056349992752
-0.01534186489880085
0.00717565743252635
0.0087487967684865
0.044075191020965576
0.017612779513001442
0.03825422748923302
0.025194084271788597
-0.017883094027638435
0.03887627646327019
0.003070661798119545
0.016528813168406487
-0.02759329229593277
0.12302441895008087
-0.054110798984766006
-0.014666004106402397
-0.028494007885456085
0.000234974009799771
-0.019928421825170517
-8.161885489244014e-05
0.0478312149643898
0.1644313931465149
-0.014499937184154987
0.001124691218137741
9.429069905309007e-06
-0.03279796242713928
-0.009694588370621204
-0.09668969362974167
-0.036783404648303986
0.004590781405568123
0.05370990186929703
-0.005921473260968924
-0.004801178816705942
0.006851397454738617
-0.0033895117230713367
-0.025943439453840256
-0.056762684136629105
0.043166808784008026
0.01684064045548439
-0.021354956552386284
-0.027946555987000465
0.02084462158381939
0.13122226297855377
-0.00547305541113019
-0.014561825431883335
-0.0133891636505723
0.1185711920261383
0.07572298496961594
-0.016761193051934242
-0.1745404154062271
-0.0408487468957901
0.01264127530157566
-0.01589449681341648
-0.0008107157191261649
-0.0031402285676449537
0.014702091924846172
-0.06634031981229782
0.05171264335513115
0.007995802909135818
0.013350188732147217
0.09268917888402939
-0.1882229745388031
0.22221463918685913
0.13199681043624878
-0.11236698925495148
0.001572217559441924
0.05032811686396599
0.23139430582523346
-0.02015463262796402
0.035943206399679184
0.009919115342199802
0.018713554367423058
0.03489764779806137
0.01252361573278904
-3.723071131389588e-05
0.25013500452041626
0.0017638006247580051
-0.0020929102320224047
-0.05411924049258232
0.005457740742713213
-0.12611748278141022
0.01466036681085825
0.007456427440047264
0.061033569276332855
-0.11822586506605148
-0.031718235462903976
0.01992616057395935
0.03249930217862129
0.004689847584813833
0.014628022909164429
0.17445658147335052
-0.06416009366512299
-0.011253265663981438
-0.0232543982565403
-0.005791970994323492
0.011877807788550854
-0.06600860506296158
0.027499886229634285
0.31940850615501404
0.20933783054351807
-0.002204762538895011
-0.0033170829992741346
0.017058510333299637
0.008233726024627686
-0.0578421950340271
0.16636896133422852
-0.005574864335358143
0.011583804152905941
0.023540789261460304
0.00742149306461215
0.003493645926937461
-0.05340772122144699
0.04082638770341873
-0.0016562246019020677
0.03503318130970001
0.06637150794267654
0.01082554180175066
-0.05711142718791962
-0.006520955823361874
0.003945804201066494
0.0012497658608481288
0.004064592998474836
0.000511239399202168
0.03951917216181755
0.0690787062048912
-0.006027695722877979
0.006963399238884449
0.0037327422760427
-2.98502291116165e-05
0.010323400609195232
-0.018054155632853508
-0.026441842317581177
-0.012112953700125217
-0.005938129499554634
-0.09961368888616562
0.30854955315589905
0.0075706481002271175
0.019133377820253372
0.0013440832262858748
0.019978629425168037
-0.033306799829006195
-0.0505959652364254
0.09932474046945572
0.04640588164329529
-0.003078832058236003
0.0014619568828493357
0.016953693702816963
-0.016869761049747467
-0.04611214995384216
-0.023975521326065063
-0.09742889553308487
0.04157404229044914
-0.7244809865951538
0.00724145770072937
-0.7374643087387085
0.01247713714838028
-0.003554967464879155
-0.02343226782977581
-0.05675504356622696
-0.028307359665632248
0.019029365852475166
-0.00010023964568972588
-0.06864159554243088
0.06620361655950546
0.015663577243685722
0.21164490282535553
-0.03562936186790466
-0.0034783545415848494
0.0001652637729421258
0.01238259393721819
-0.02429424412548542
0.01305026188492775
-0.005447823088616133
-0.36544859409332275
-0.06387551873922348
-0.015796693041920662
0.05593348667025566
-0.2866913080215454
0.00659171910956502
-0.05160775035619736
-0.003779003396630287
-0.0011166991898790002
0.07708118855953217
-0.03173011541366577
0.02088579162955284
0.09144607931375504
0.005714865867048502
-0.023286882787942886
-0.05744948238134384
-0.03869839385151863
0.11488829553127289
-0.0011201358865946531
-0.007889005355536938
-0.0034895767457783222
-0.015231436118483543
-0.0071264817379415035
-0.047207776457071304
-0.00982509646564722
0.02369379810988903
0.05755068361759186
-0.008122755214571953
-0.006345959845930338
-0.09751392155885696
-0.0022454396821558475
0.01842546835541725
0.0005953630316071212
0.11599348485469818
-0.009577707387506962
-0.0006057581049390137
0.0386490672826767
-0.1179223358631134
0.021775515750050545
0.005768347531557083
-0.027054771780967712
-0.09557180106639862
-0.006501616444438696
0.00990672130137682
-0.021495427936315536
-0.0009514776756986976
0.026948468759655952
0.014676855877041817
-0.0003961733600590378
0.1804938167333603
0.0015312113100662827
0.0035969617310911417
0.028561392799019814
0.021576950326561928
0.025050008669495583
-0.013728374615311623
0.033953409641981125
-0.10247053951025009
-0.02014916203916073
-0.03710855543613434
-0.021154163405299187
0.021643145009875298
-0.05394650623202324
0.02330954000353813
-0.03458353504538536
-0.00020664738258346915
-0.0673944279551506
0.0537201389670372
-0.15827417373657227
0.0017497529042884707
0.03718479722738266
0.03426794707775116
0.08862166851758957
0.008626969531178474
-0.061662182211875916
0.026044856756925583
0.0015836869133636355
0.012620368041098118
-0.01278762612491846
-0.054961491376161575
-0.010793679393827915
0.021738864481449127
0.01692885532975197
-0.0006407537148334086
0.009425587020814419
-0.08418458700180054
-0.007668494246900082
-0.010154633782804012
0.004703447222709656
0.2196330726146698
-0.0016391223762184381
0.003048838349059224
0.053637370467185974
0.01924826018512249
-0.03217429667711258
0.022584663704037666
0.002336901845410466
-0.06608555465936661
0.005739514250308275
0.012865494936704636
0.05076126754283905
-0.03759964182972908
0.015149647369980812
0.0024240019265562296
0.042776841670274734
-0.005024381913244724
0.06517092883586884
0.009321589022874832
-0.0007397016161121428
0.0017919006058946252
0.022412613034248352
0.0894959419965744
-0.009716806933283806
-0.0006511780084110796
-0.1411658674478531
0.0005835384363308549
-0.02076704055070877
-0.0057062613777816296
0.05770308896899223
6.568214303115383e-05
-0.011053561232984066
0.002494420390576124
-0.007180447224527597
0.01704813539981842
0.0036420789547264576
-0.08886107802391052
-0.00835498422384262
0.1685551106929779
0.00861678458750248
0.019596152007579803
0.0003123090136796236
-0.010423770174384117
-0.10111316293478012
0.0029083467088639736
0.000375252275262028
-0.0010458349715918303
0.010658049955964088
-0.015427525155246258
-0.0026857908815145493
-0.005052609834820032
-0.05326569080352783
-0.010682017542421818
-0.07754156738519669
0.007146339863538742
-0.15591967105865479
-0.002918863669037819
0.002541986759752035
-0.07583054900169373
-0.0861707478761673
0.02122575417160988
0.02314061112701893
-0.05152515694499016
0.0008150370558723807
-0.009942516684532166
0.0020792055875062943
0.021980054676532745
-0.00422339653596282
-0.0028800913132727146
0.19146375358104706
-0.026212504133582115
-0.025663428008556366
0.0008591482182964683
0.04054995998740196
0.07603568583726883
-0.007385419216006994
-0.06413281708955765
0.0009182148496620357
-0.053419120609760284
-0.02246253937482834
0.014798814430832863
-0.014169067144393921
0.010169158689677715
0.0036647107917815447
0.008136384189128876
-0.00039810535963624716
0.034560542553663254
-0.007097810041159391
0.00873346347361803
0.030936090275645256
-0.005483193323016167
0.012497307732701302
-0.005709909368306398
-0.01575857773423195
0.00580635666847229
0.008561280556023121
0.004925617482513189
0.00952561479061842
0.02119528502225876
-0.004399292171001434
-0.1945042759180069
0.20535050332546234
0.03103695437312126
0.009083106182515621
-0.12181318551301956
-0.15508969128131866
0.03387846052646637
-0.022683028131723404
-0.00219251262024045
0.08360330760478973
0.04240608587861061
0.032007236033678055
-0.00198017293587327
-0.0958235040307045
-0.016610005870461464
-0.07171560823917389
0.022209199145436287
0.0366591140627861
-0.01264885626733303
0.07240766286849976
-0.016689470037817955
0.006401317194104195
0.00023148738546296954
-0.015726862475275993
-0.024452578276395798
0.013992177322506905
0.1562361866235733
-0.00595637084916234
0.1694624423980713
0.02206169255077839
-0.02919044904410839
-0.05007101967930794
-0.05825872719287872
0.04521297663450241
-0.11818288266658783
0.04184641316533089
0.022762008011341095
0.0783504843711853
0.0037174143362790346
-0.0001164134664577432
0.009447749704122543
-0.04058777913451195
-0.0036965906620025635
0.0023464264813810587
-0.0074816201813519
-0.000979189993813634
0.06243005394935608
0.0073087397031486034
-0.03285969793796539
0.010298608802258968
0.0025816529523581266
-0.001278607058338821
-0.013916651718318462
-0.0044500743970274925
-0.01238563284277916
-0.049402907490730286
-0.026804495602846146
-0.07796815037727356
-0.0001524354302091524
-0.2517557144165039
-0.0002911329211201519
-0.014823711477220058
0.01695978455245495
0.037228018045425415
-0.06811051070690155
-4.411082773003727e-05
0.08896038681268692
-0.003524195868521929
-0.09449855983257294
-0.018219830468297005
0.004510602913796902
0.12044411152601242
0.09195844829082489
-0.003094219136983156
-0.28374120593070984
0.13079774379730225
0.2500625550746918
-0.0005607103230431676
0.0011847278801724315
0.05599017068743706
0.1488753855228424
-0.27144119143486023
0.11211173981428146
-0.01325323898345232
-0.29454559087753296
0.07561763375997543
0.013186655007302761
-0.10034499317407608
-0.02880248986184597
0.050919029861688614
-0.02555478736758232
0.3953309953212738
-0.008747630752623081
-0.029416967183351517
-1.171220628748415e-05
-0.07414498925209045
0.18909990787506104
-7.172875484684482e-05
0.03707673028111458
0.057062115520238876
0.03416930139064789
0.03760542720556259
-0.01399138756096363
-0.014422128908336163
-0.0060850586742162704
1.7402238881913945e-05
-0.013047829270362854
0.031131509691476822
-0.10156728327274323
-0.013859235681593418
0.0038829841651022434
-0.005531097296625376
0.006007722578942776
0.0015713961329311132
0.8880965113639832
-0.006715739611536264
-0.12756673991680145
0.0009585137013345957
-0.011924199759960175
0.050267551094293594
0.013159206137061119
0.020699353888630867
0.013780687935650349
0.0009600460180081427
0.06213163211941719
-3.052365779876709
0.49334922432899475
-0.014881436713039875
-0.005503281019628048
0.1858125925064087
-0.0988672599196434
-0.0171781238168478
0.03240605443716049
0.052261751145124435
0.22848854959011078
0.017352739349007607
0.000499570625834167
0.03761090338230133
-0.003906846046447754
0.0082599688321352
0.6499091386795044
-0.03539568930864334
4.549426012090407e-05
0.024799801409244537
0.0197489894926548
0.0344991460442543
-0.14042825996875763
-0.12351100891828537
0.060234542936086655
0.025233939290046692
-0.0004956325865350664
-0.0761885792016983
-0.04679454490542412
0.0037016270216554403
0.22082026302814484
0.9621657729148865
-0.006491547450423241
-0.04914209246635437
0.07857391983270645
0.002456868067383766
-0.033764343708753586
0.001381614594720304
-0.04655531793832779
-0.2320656031370163
0.11418106406927109
-0.0035682888701558113
-0.0564500130712986
-0.019873926416039467
-0.05224164202809334
0.0013092156732454896
0.015420948155224323
0.004687443375587463
0.12620407342910767
0.01549043133854866
0.03185753896832466
-0.02241285890340805
0.1948624849319458
-0.001407346222549677
-0.3684103786945343
-0.1443275362253189
0.009219557046890259
-0.0011275580618530512
0.012167129665613174
0.007723009213805199
-0.06208036094903946
0.020989324897527695
0.03938037529587746
-0.027770360931754112
-0.01050440315157175
-0.07172120362520218
-0.1160440444946289
0.014478592202067375
-0.09065965563058853
0.009597854688763618
-0.026113249361515045
-0.046288225799798965
0.16741740703582764
0.019902992993593216
-0.01855819672346115
0.09916318207979202
-0.014924703165888786
0.002594921039417386
-0.004559551831334829
-0.0012495155679062009
-0.004611475393176079
0.027219075709581375
0.006876736879348755
0.005518948659300804
-0.023445669561624527
-0.0006639441126026213
-0.005627549719065428
-0.06050240993499756
-0.008418140932917595
-0.3815820813179016
-0.02333410456776619
-0.5688638091087341
0.11623155325651169
0.05433297157287598
0.35099607706069946
-0.08213192224502563
0.0005566606996580958
0.01608026586472988
-0.00854888092726469
-0.009942922741174698
0.05243704468011856
-0.0331818051636219
-0.1377968192100525
-0.007923888973891735
-0.06557893753051758
0.06682012230157852
-0.0030314275063574314
0.03752414509654045
0.010266521945595741
-0.08853282779455185
0.008528857491910458
-0.004020758904516697
-0.0034834768157452345
-0.00210188259370625
-0.09385695308446884
0.03323417529463768
-0.0030896728858351707
-0.05793904885649681
-0.016209684312343597
0.000589722883887589
-0.020615529268980026
0.015234547667205334
-0.020441077649593353
-0.12364605814218521
-0.029922286048531532
0.028243083506822586
0.00309042283333838
0.02537284791469574
-0.0014909245073795319
0.03457643836736679
-0.004492189735174179
0.0051170834340155125
-0.013029970228672028
0.07187872380018234
-0.00202773604542017
-0.017208019271492958
0.32132840156555176
0.027951687574386597
0.028255732730031013
0.025672342628240585
0.12017779052257538
0.0208426583558321
0.0003033388056792319
0.033008359372615814
0.07094993442296982
-0.009608868509531021
0.04777541384100914
0.16438741981983185
-0.2160252183675766
0.052726827561855316
0.11236203461885452
-0.021250423043966293
0.00754904467612505
-0.07213875651359558
-0.0185793936252594
0.000987655483186245
-0.07963837683200836
-0.008424017578363419
0.023053044453263283
-0.004472503438591957
-0.02005906030535698
-0.012194985523819923
-0.1321534812450409
0.023953836411237717
0.07147886604070663
0.10094177722930908
-0.04812120273709297
0.03221552446484566
-0.14371609687805176
0.0014616466360166669
0.021242450922727585
-0.06263913214206696
-0.023242544382810593
0.00044588925084099174
-0.0021977759897708893
-0.05630723387002945
-0.07523591071367264
0.059954430907964706
0.0853860080242157
0.07330898195505142
-0.04828844964504242
-0.01740870252251625
-0.026932014152407646
0.23031683266162872
0.051991675049066544
0.04871110990643501
-0.06574885547161102
-0.13618817925453186
-3.774098149733618e-05
-0.00820050947368145
-0.11126957833766937
0.06892953813076019
-0.03092167153954506
-0.0026997581589967012
-0.12819193303585052
-0.036000605672597885
-0.023151705041527748
-0.021460214629769325
-0.034472208470106125
-0.07012384384870529
-0.0023352529387921095
-0.03944435343146324
-0.004080590792000294
-0.03394193947315216
-0.026587840169668198
0.06746096909046173
0.0005829909350723028
-0.2118331640958786
-0.013930094428360462
-0.005569220054894686
-0.012908665463328362
0.009694278240203857
0.06251080334186554
-0.03199697658419609
-0.018385451287031174
0.014981434680521488
-0.08867034316062927
0.0004081198130734265
-0.0013702474534511566
0.042036235332489014
0.0658462792634964
-0.00829360168427229
-0.021522551774978638
-0.016841067001223564
0.06710302084684372
-0.03489595651626587
0.07407419383525848
0.017974907532334328
-0.1673223376274109
0.009940190240740776
0.03705679625272751
0.014071616344153881
0.00037442962639033794
0.0002808752760756761
0.00020299105381127447
0.024621879681944847
-0.012004081159830093
0.007909133099019527
-0.01572561450302601
-0.021924395114183426
0.30043938755989075
-0.08519211411476135
-0.020478306338191032
-0.0013822086621075869
0.0017066149739548564
-0.006589951924979687
-0.03511931747198105
0.0576777383685112
-0.18224526941776276
0.05009595304727554
-0.11459381133317947
0.012230382300913334
-0.07251806557178497
-0.009173682890832424
1.974638507817872e-05
0.005982117261737585
0.014399952255189419
0.02196628600358963
-0.06750183552503586
-0.0424581877887249
-0.021280210465192795
-0.002036621095612645
0.006344349589198828
-0.021790578961372375
-0.0016831518150866032
-0.03785686567425728
-0.11352398246526718
-0.05528416484594345
0.002690141787752509
-0.03797721862792969
0.008554605767130852
0.052679162472486496
-0.0007132260361686349
-0.0777711421251297
0.0030867939349263906
-0.24771954119205475
0.0025130456779152155
-0.008122064173221588
0.09045519679784775
-0.021350955590605736
0.15401001274585724
-0.011574148200452328
-0.0391559973359108
-0.0013944264501333237
0.0019447831436991692
0.0034502730704844
0.010795215144753456
0.038221415132284164
-0.0775613933801651
0.060491807758808136
0.05452973023056984
-0.007985020987689495
0.00049721694085747
0.07267242670059204
0.051637209951877594
0.0060349879786372185
0.01989482156932354
-0.061805568635463715
0.00022707378957420588
-0.1102713793516159
0.015642227604985237
0.04482252150774002
-0.10123294591903687
-0.01304607093334198
0.007897979579865932
-0.010164049454033375
-0.008820677176117897
0.03613844886422157
0.0014554248191416264
-0.011548921465873718
-0.001029763836413622
-0.22933094203472137
0.005925774108618498
-0.04739523306488991
0.022050999104976654
0.05090046674013138
-0.008506217040121555
-0.06704689562320709
-0.00224182172678411
0.09760202467441559
0.005842072889208794
-0.01425992976874113
-0.007735248189419508
0.014043702743947506
-0.12028241157531738
0.005690142512321472
0.03327136114239693
-0.0006030432996340096
0.06164170429110527
0.05751482769846916
0.009668604470789433
0.006603962276130915
0.019062168896198273
0.006734613329172134
0.05143406242132187
0.1198362410068512
-0.05231302231550217
0.017283953726291656
-0.002500756410881877
-0.966008722782135
-0.029256170615553856
0.006296710576862097
-0.019657578319311142
-0.014130824245512486
-0.013550783507525921
0.04593133181333542
-0.007343033794313669
-0.042055558413267136
-0.002683324506506324
-0.02081277035176754
-0.045039914548397064
-0.10535026341676712
0.0010866771917790174
0.006717287935316563
-0.10367244482040405
0.1583523452281952
-0.12899243831634521
0.06991324573755264
-1.1962905773543753e-05
0.001885571051388979
0.014169122092425823
-0.02449047937989235
-0.003037530230358243
0.16956764459609985
-0.005857819225639105
-0.46156045794487
0.04665403068065643
-0.10168567299842834
0.0001611305633559823
-0.0002255018916912377
-0.0009265081025660038
-0.0009290032903663814
0.011112356558442116
-0.013790270313620567
0.00794297456741333
0.009487735107541084
-0.01744275540113449
0.004836485255509615
-0.0700165256857872
7.936519250506535e-05
0.1257675141096115
0.016960905864834785
-0.00036808065488003194
0.04770199954509735
0.009921564720571041
0.06807870417833328
0.02831992320716381
-0.07059890031814575
0.014829632826149464
-0.00617353105917573
0.005250404588878155
0.0017436027992516756
0.0005973136867396533
0.02487442083656788
-0.008276914246380329
0.04387792572379112
0.04416882246732712
0.018829822540283203
0.02767050266265869
-0.05262351036071777
-0.5233771800994873
0.03947499394416809
-0.019076861441135406
0.05265338346362114
-0.05998034402728081
0.020453404635190964
-0.019261110574007034
0.002080364152789116
0.0007690321654081345
-0.01961330883204937
0.06927993893623352
0.08542589098215103
-0.029912423342466354
-0.01776246167719364
0.03035161644220352
-0.31433501839637756
0.03851235657930374
0.14077633619308472
-0.005914783105254173
-0.008475873619318008
-0.017387501895427704
-0.03928495943546295
0.011301396414637566
-0.004693162627518177
0.00908051710575819
0.0025692179333418608
-0.0010851791594177485
-0.0007736171828582883
-0.08608952164649963
-0.01014508493244648
0.04232073202729225
-0.013508797623217106
-0.014244004152715206
0.013775116764008999
-9.286449312639888e-06
0.026132576167583466
-0.0018852369394153357
0.017057115212082863
0.003865386126562953
0.006215081550180912
0.07415499538183212
-0.007061361335217953
0.08406681567430496
0.08268439024686813
0.005321901757270098
0.022786632180213928
0.24416401982307434
0.015158304944634438
0.22582821547985077
0.07423358410596848
-0.008080095052719116
-0.017843563109636307
-0.019440483301877975
0.004994387738406658
0.0062677436508238316
0.014645453542470932
-0.021267060190439224
0.017298517748713493
0.006219938863068819
-0.0075965155847370625
0.010067727416753769
-0.0023130199406296015
-0.003459497122094035
-0.1881415843963623
-0.0104695288464427
-0.01103468518704176
-0.014611491933465004
-0.037165746092796326
0.05887504294514656
-0.06724794209003448
-0.015408304519951344
0.0005111661157570779
-0.01671503111720085
-0.2721908986568451
0.0034161354415118694
0.025332992896437645
0.03702893480658531
-0.013979476876556873
0.00638818321749568
-0.6742249727249146
-0.001353533356450498
0.013320619240403175
-0.0055253272876143456
-0.013331657275557518
-0.12624236941337585
-0.11831805855035782
0.0004457359900698066
-0.004904999863356352
0.03373309224843979
0.013396747410297394
0.001734830206260085
-0.057395968586206436
0.0012926467461511493
-0.018012579530477524
-0.00792642217129469
-0.13890384137630463
-0.007513354532420635
-0.008474137634038925
0.000898058176971972
0.0013908403925597668
-0.03129694238305092
-0.015295599587261677
-0.00026959413662552834
-0.026211487129330635
0.043614622205495834
-0.09431489557027817
0.02819988504052162
0.0037007154896855354
-0.002606653841212392
0.013175101019442081
0.0005025604041293263
0.006629860959947109
0.0027319288346916437
0.02349814586341381
0.029976174235343933
-0.03916299715638161
0.012917468324303627
-0.0177543256431818
-0.0047359527088701725
0.01127702184021473
0.08257836103439331
-0.011284851469099522
-0.0043651871383190155
0.14133907854557037
0.002405183156952262
-0.007679256144911051
0.5510013699531555
0.05140671506524086
0.00602770084515214
-0.017045266926288605
-0.025619763880968094
-0.01040259562432766
-0.023365380242466927
-0.016182467341423035
0.019056282937526703
0.02663944847881794
-0.0005046428414061666
-0.07700879871845245
-0.030714457854628563
0.041518762707710266
0.006494864821434021
-0.012672077864408493
-0.0007572812028229237
-0.0005004228441976011
-0.0008559381822124124
0.01037839986383915
-0.0026121041737496853
-0.015856225043535233
0.03374892473220825
0.052115488797426224
0.0265184435993433
0.054718613624572754
0.025981515645980835
-0.032251060009002686
0.009438085369765759
0.00927557609975338
0.021366316825151443
0.000617033860180527
0.021228305995464325
-0.005939797032624483
0.15437373518943787
0.14697276055812836
0.017328616231679916
0.0018139737658202648
0.015713755041360855
0.08204449713230133
-0.03335394710302353
0.00996034312993288
-0.013492240570485592
0.009980003349483013
0.44916340708732605
-0.014553121291100979
-0.03465220332145691
0.0017986719030886889
0.0252646803855896
-0.02841763012111187
0.004689821042120457
-0.00021657724573742598
0.009278055280447006
0.015863100066781044
5.2575067854832014e-08
0.046420324593782425
-0.003996492829173803
-0.025122128427028656
0.03833218291401863
0.013116622343659401
0.06646861881017685
-0.003086698707193136
-0.0015828096074983478
-0.00016262539429590106
0.039163678884506226
0.025680581107735634
0.0007715072715654969
0.07545127719640732
-0.12392648309469223
0.003790001617744565
-0.08724767714738846
-0.04365729168057442
0.06588243693113327
-0.016994111239910126
-0.021136652678251266
-0.0015665291575714946
-0.03995705395936966
0.013632744550704956
-0.08339805901050568
-0.0044646295718848705
0.036860860884189606
0.010570804588496685
0.0010537258349359035
0.00020683661568909883
-0.005603752564638853
0.006401296705007553
0.05426109582185745
-0.13263776898384094
-0.006853489205241203
0.01356282364577055
0.09941639006137848
0.01953825354576111
-0.001496548647992313
0.0277992095798254
0.0007444376824423671
0.0022408473305404186
-0.0381348580121994
0.008112320676445961
-0.005651541985571384
0.005141587927937508
0.047919269651174545
0.0007420345791615546
-0.02081787958741188
0.012147467583417892
-0.007207293063402176
-0.0403510257601738
-0.010018511675298214
-0.17816025018692017
0.3462604880332947
0.07702717930078506
0.005489215720444918
-0.007131971884518862
9.415671229362488e-05
-0.002169499872252345
0.1506342738866806
-0.2702453136444092
-0.008991467766463757
-0.012467672117054462
-0.012599673122167587
-0.22997844219207764
0.2495017647743225
-0.01378155592828989
-0.015780119225382805
-0.013862579129636288
-0.014943181537091732
0.043935634195804596
0.09207940101623535
0.023583296686410904
0.013384232297539711
-0.0031141522340476513
0.00013005569053348154
0.016782136633992195
-0.037877753376960754
-0.04211358726024628
-0.052663322538137436
0.008710330352187157
-0.03688498213887215
0.19691459834575653
0.06677596271038055
-0.006646636873483658
0.12216314673423767
-0.004634946119040251
-0.00337532302364707
0.02306315302848816
-0.019474880769848824
0.07283585518598557
-0.011277381330728531
0.06468558311462402
0.07961919158697128
-0.002115954179316759
0.0050661880522966385
0.11162259429693222
-0.010744797997176647
0.0881156399846077
-0.024326017126441002
0.010438797995448112
-0.018017638474702835
-0.06551747024059296
-0.1468120664358139
0.004359849262982607
-0.08845635503530502
0.043474648147821426
-0.07697396725416183
-0.06240329146385193
-0.01084011048078537
0.021790659055113792
-0.006722713354974985
-0.012530969455838203
0.02818971872329712
-0.017123665660619736
0.17034193873405457
0.006161628756672144
-0.00010484697122592479
0.017165087163448334
-0.10873955488204956
0.08167420327663422
-0.0030137072317302227
-0.000178602131200023
0.018839441239833832
0.007011296693235636
-0.0022847075015306473
-0.06991540640592575
0.004008827731013298
-0.11305375397205353
-0.0010392285184934735
0.030134553089737892
-0.002777345245704055
0.008581883274018764
0.020686574280261993
-0.008869185112416744
-0.036543168127536774
-0.022686544805765152
-0.0044335112906992435
-0.005598783493041992
-0.0003558643802534789
-0.00016485714877489954
-0.01681341417133808
-0.01615973748266697
0.05455489456653595
0.01477845385670662
0.001413498306646943
0.005288681946694851
-0.007570930290967226
0.032532207667827606
-0.014357148669660091
-0.02533462643623352
0.025697950273752213
0.01106307003647089
-0.02264118567109108
-0.002245745388790965
0.17746222019195557
0.00951450876891613
-0.007387896068394184
-0.0007917275070212781
-0.03868492320179939
0.12910108268260956
-0.009193253703415394
-0.011987818405032158
-0.06288927048444748
-0.006348013877868652
0.01938488893210888
-0.0819128155708313
-0.05117710307240486
-0.010090522468090057
-0.003636427689343691
-0.1308334916830063
-0.034343160688877106
-0.036870572715997696
-0.01451051700860262
-0.01756570301949978
0.004596748389303684
0.019687270745635033
0.03906713426113129
-0.0014107547467574477
0.003623061114922166
-0.01466555055230856
-0.004275850486010313
-0.029230903834104538
0.04250407591462135
-0.0038189967162907124
-0.16302786767482758
0.00025646359426900744
-0.051454998552799225
-0.016556592658162117
-0.005605968181043863
0.000326166715240106
0.004121371079236269
-0.05457484349608421
0.02022637613117695
-0.02258339524269104
-0.04673337936401367
-0.0024196894373744726
0.0037832893431186676
0.02394562028348446
0.017689406871795654
-0.001745713409036398
0.5271713733673096
0.005687779281288385
0.06621519476175308
-0.002650358248502016
-0.002736700465902686
-0.06923435628414154
0.014316360466182232
0.01064595952630043
-0.0025457998272031546
-0.027862094342708588
-0.0017817830666899681
0.021201910451054573
-0.2570013701915741
0.010763299651443958
-0.20973294973373413
-0.04314792901277542
0.02258269116282463
-0.020347051322460175
-0.7326079607009888
-0.019688459113240242
0.11128688603639603
2.4933555323514156e-05
0.04223719984292984
0.1854231357574463
-0.0018812755588442087
0.012560979463160038
-0.009404723532497883
-0.0059572006575763226
0.021986769512295723
0.04232517257332802
-0.012851675972342491
-0.020496414974331856
-0.02967139147222042
-0.05468221381306648
0.010961903259158134
-0.1169331893324852
0.005381063558161259
0.00020698338630609214
0.0013794288970530033
-0.0681174173951149
0.0473434217274189
-0.0005630804807879031
0.03989967703819275
0.001528572989627719
-0.016676096245646477
-0.01472188625484705
-0.002232147380709648
0.001486458582803607
-0.0013790911762043834
-0.08906611800193787
0.004044810775667429
-0.21826651692390442
0.006432298570871353
0.02107216790318489
0.006926447153091431
-0.08729012310504913
0.1257477104663849
-0.046292416751384735
0.27448150515556335
-0.01933402754366398
-0.06294944882392883
-0.0481904000043869
-0.11902417242527008
-0.052172739058732986
0.028197910636663437
0.030504798516631126
0.003540033008903265
-0.011419438757002354
-0.08832577615976334
0.04187460243701935
-0.04120459035038948
-0.01524069532752037
-0.009137135930359364
-0.011115659028291702
-0.06764720380306244
-0.041040197014808655
-0.03133394196629524
-0.2079906314611435
-0.0008425837149843574
0.030778968706727028
0.050964947789907455
0.10337504744529724
0.009098807349801064
-0.1281833052635193
-0.14209257066249847
-0.06776470690965652
-0.0022503684740513563
0.07040871679782867
-0.01753840781748295
-0.09115618467330933
-0.03524067997932434
-0.04348411783576012
0.08124512434005737
-0.08952030539512634
-0.00818053912371397
-0.035177964717149734
-0.0010120775550603867
-0.06619307398796082
0.03846009075641632
0.013659754768013954
0.007533031981438398
-0.02212877944111824
-0.03412679210305214
-0.019911637529730797
-0.012748525477945805
-0.033615004271268845
0.1267416924238205
0.06439157575368881
-0.0011910648318007588
-0.05591236799955368
0.12724630534648895
0.10777981579303741
-0.005898858420550823
-0.05768503248691559
0.0011321618221700191
0.01926332712173462
0.03353008255362511
0.11197974532842636
0.037948377430438995
-0.01580231823027134
0.006223673466593027
0.01761467568576336
-0.09154971688985825
-0.004894479177892208
-0.018564682453870773
0.006387599278241396
0.01404047105461359
0.009871087968349457
0.021316105499863625
0.016741428524255753
0.006014616694301367
-0.0017190007492899895
-0.005582198966294527
0.025640103965997696
0.003395914798602462
0.006955442950129509
0.05684173107147217
0.01347822044044733
0.0002412001631455496
-0.012671581469476223
0.005694133695214987
0.001647094264626503
0.014082261361181736
-0.19997256994247437
0.20192015171051025
0.009146529249846935
0.01422782801091671
0.10357822477817535
0.014777216129004955
-0.005150299519300461
0.0023759210016578436
-0.032447896897792816
0.08242958784103394
0.02847364917397499
0.0058089750818908215
0.02183901146054268
-0.05973421037197113
-0.06794276833534241
-0.002456466667354107
0.04348620027303696
0.2805595099925995
-0.002615169156342745
