-0.05682373046875
0.02435302734375
0.0223236083984375
-0.0142059326171875
-0.028411865234375
0.227294921875
-0.020294189453125
0.0304412841796875
0.20294189453125
-0.2496185302734375
-0.077117919921875
-0.0588531494140625
0.0345001220703125
-0.02435302734375
-0.0487060546875
0.0811767578125
0.1927947998046875
-0.0791473388671875
-0.0669708251953125
-0.0182647705078125
-0.190765380859375
-0.093353271484375
0.0385589599609375
-0.00811767578125
-0.0791473388671875
0.2090301513671875
-0.162353515625
-0.1319122314453125
0.020294189453125
0.012176513671875
-0.2577362060546875
-0.05682373046875
