0.3626123368740082
-0.6410025954246521
0.6656098961830139
-0.49834784865379333
-0.3376317620277405
-0.12568159401416779
-1.0410645008087158
0.8466951847076416
2.172177791595459
-1.942857027053833
-0.3017709255218506
0.9750180244445801
0.0629563257098198
-1.6215282678604126
0.197319895029068
-0.23876677453517914
-1.2768068313598633
-0.8009158968925476
-1.9381836652755737
1.3754799365997314
-0.6162228584289551
-0.3076809346675873
0.2092905193567276
-1.8179064989089966
0.09851395338773727
0.736607551574707
-0.4394611716270447
-0.5692186951637268
0.3624802529811859
-0.4457864761352539
0.8980646729469299
-0.16518983244895935
1.2190473079681396
-0.17694242298603058
0.14089715480804443
0.8298261165618896
-0.33391398191452026
0.08564718812704086
-0.2797066867351532
-0.3408757150173187
13.53658676147461
-0.0825880691409111
-0.12850052118301392
-0.32555028796195984
1.5462799072265625
-2.3233284950256348
1.7334851026535034
2.0617103576660156
7.440545558929443
-0.37000060081481934
-0.03299771249294281
-0.7768990397453308
-0.6249520778656006
4.406044960021973
1.305738925933838
2.1676881313323975
1.0912866592407227
-2.401658296585083
0.41910770535469055
0.3961489498615265
1.0737196207046509
-0.7419163584709167
1.4918988943099976
-1.8874937295913696
-0.0855908989906311
1.0717755556106567
3.4292025566101074
-0.5416527390480042
1.268726110458374
-1.8294302225112915
-1.4138059616088867
0.12129458785057068
-0.27326974272727966
0.5221008062362671
3.237349510192871
0.37537136673927307
1.1176875829696655
0.26463583111763
-0.7633501887321472
-1.9958304166793823
0.9038693308830261
1.3846862316131592
1.111039638519287
-0.42760053277015686
0.4075795114040375
0.4529336094856262
1.3060119152069092
-35.156124114990234
1.276084065437317
1.0887181758880615
0.3888716399669647
7.00769567489624
1.697688341140747
-1.4073305130004883
-0.5992910861968994
-0.6017284989356995
0.08161093294620514
-0.9262779355049133
0.11950983852148056
2.2421538829803467
-0.7275101542472839
-0.6244246959686279
0.3209275007247925
-0.19560086727142334
-0.4936828017234802
-0.08077730983495712
-0.6519670486450195
1.7595548629760742
0.044107675552368164
1.4444096088409424
-0.15451250970363617
-0.0945439413189888
-1.074550986289978
0.24859783053398132
0.7841957211494446
-0.38518470525741577
1.1326829195022583
1.5806312561035156
2.9470999240875244
0.28350937366485596
-1.3338828086853027
-0.08305282890796661
0.432346910238266
1.3424004316329956
-1.6705631017684937
-0.10889667272567749
-0.4086564779281616
-0.13488778471946716
1.0475248098373413
-0.7665296792984009
0.7954622507095337
-0.1898636519908905
-0.8824915885925293
-3.5289905071258545
0.2988743484020233
0.7564278244972229
2.713355779647827
-0.3943175673484802
-1.0948909521102905
-0.8328763246536255
-0.3820737600326538
1.002031683921814
0.2209463119506836
-1.136935830116272
2.3127920627593994
1.6453739404678345
-3.0892386436462402
-2.8823699951171875
0.015179713256657124
-0.29071080684661865
-1.5764846801757812
1.5442285537719727
0.6884183883666992
0.11725746095180511
-0.6045502424240112
1.1076838970184326
-0.8066514134407043
-0.8875974416732788
0.33906617760658264
-0.9643359184265137
-1.2480347156524658
0.937343180179596
-2.1957457065582275
-0.687666654586792
0.5664366483688354
0.7114360928535461
-0.4051610231399536
0.5238749384880066
-0.29614073038101196
-0.46970900893211365
0.34250378608703613
-0.3751230239868164
1.1063752174377441
1.9114634990692139
0.5504546761512756
0.8048690557479858
-5.913045406341553
2.380866765975952
-1.099295973777771
-1.8259570598602295
-0.25483250617980957
0.7935435771942139
1.195267677307129
0.6851963996887207
0.15429501235485077
1.1273257732391357
-0.9647392630577087
0.8731319308280945
-0.5540216565132141
1.97250235080719
0.7978953719139099
-3.4061880111694336
0.483533650636673
0.23457182943820953
0.10509289056062698
0.6926956176757812
-0.5563663840293884
-1.1492122411727905
0.271078884601593
-0.3906046748161316
0.003428094554692507
-1.2140065431594849
-0.6700447797775269
-0.9727100729942322
1.8069504499435425
-0.11687126010656357
-0.8442002534866333
-0.6176761388778687
-0.6663151979446411
-2.126667022705078
-0.8228241205215454
0.6815921664237976
-4.47081184387207
0.7520360350608826
-1.0725018978118896
0.11549905687570572
-0.8722109794616699
-0.012194580398499966
-2.2653751373291016
-0.5547455549240112
-2.0300328731536865
-0.06795301288366318
0.44493311643600464
-0.12941578030586243
0.009535466320812702
0.8499760031700134
0.7347179055213928
-0.45890504121780396
0.4735889434814453
0.5321462750434875
-0.08046265691518784
-0.3989105224609375
1.782981276512146
-1.6834641695022583
-0.28180187940597534
-1.4965001344680786
-0.6907665729522705
0.3659783899784088
-6.511543273925781
-0.6588456034660339
-0.06853784620761871
-1.830962896347046
1.0938007831573486
0.6026192307472229
0.06818094849586487
1.400661587715149
-2.5379538536071777
1.2433891296386719
0.3651513159275055
-1.3148016929626465
0.188719242811203
-0.5898533463478088
-3.0912721157073975
-0.9322646260261536
0.9388356804847717
-0.725284993648529
0.3128505051136017
0.9092207551002502
-0.1639285683631897
2.1735265254974365
-0.4946361780166626
-0.7843773365020752
0.6603127717971802
2.2679953575134277
0.6217800974845886
-3.5294721126556396
-0.7603359222412109
0.6076015830039978
-1.56923508644104
2.2517194747924805
-1.1431021690368652
-0.3887972831726074
-1.6046613454818726
0.7409909963607788
0.277625173330307
-0.7755929827690125
4.6019816398620605
5.582881927490234
1.5941544771194458
0.9180724024772644
-1.9146819114685059
-0.8781600594520569
0.5537546873092651
-1.5842822790145874
2.5766055583953857
-0.9164171814918518
-1.2477728128433228
0.44916343688964844
0.15706685185432434
0.146163672208786
-0.02560519427061081
0.3422295153141022
1.2475255727767944
-0.42072105407714844
0.7665322422981262
1.5157911777496338
-3.468909502029419
-0.939273476600647
-0.5818883776664734
-0.7472569346427917
0.1862405389547348
-0.3349445164203644
-0.3857967257499695
-0.04375128448009491
-3.0492897033691406
-0.494684100151062
0.961040735244751
0.8468881249427795
-5.177876949310303
0.22215980291366577
-0.6229019165039062
1.3857837915420532
0.03461594134569168
0.2219715118408203
0.8962195515632629
2.0850086212158203
-0.8521329164505005
1.518126368522644
-1.1958935260772705
-0.7815979719161987
0.09378156065940857
-0.302009642124176
0.47797027230262756
-1.1390975713729858
0.1860307902097702
1.42384672164917
1.2238177061080933
1.1381547451019287
-1.5600547790527344
-1.192539930343628
0.7453145980834961
-1.2216815948486328
0.4911311864852905
0.08290313184261322
-2.3273911476135254
0.16393831372261047
2.2172183990478516
0.9538455605506897
-1.2892510890960693
0.7134950757026672
0.8120695352554321
-1.068705439567566
1.378540277481079
0.3392857611179352
-0.6621918082237244
0.6882592439651489
-0.4553024172782898
-0.9354462623596191
1.2411832809448242
-0.19673416018486023
0.7412599325180054
-0.26925694942474365
-1.6874338388442993
-1.494436264038086
0.10864656418561935
-1.5746376514434814
-2.3310060501098633
-1.0598695278167725
0.10142724961042404
1.3484768867492676
4.69688606262207
0.7403246760368347
0.9948962330818176
1.4249861240386963
2.1642086505889893
0.08057618141174316
0.8298557996749878
-1.3907737731933594
-1.6415376663208008
-2.01593017578125
0.8199315667152405
-1.2598776817321777
15.930588722229004
2.1149179935455322
0.45730921626091003
-1.3801645040512085
-0.5327274203300476
-0.29237619042396545
0.0077729676850140095
3.5520384311676025
0.28871822357177734
0.018210968002676964
-0.042029399424791336
1.1004515886306763
-0.48929715156555176
0.6536991000175476
-0.5891820788383484
-0.11495503783226013
-0.9679815173149109
0.5013065338134766
4.513838768005371
0.6770497560501099
0.353556364774704
2.1840529441833496
0.6844227313995361
-1.258993148803711
-0.9092305302619934
0.7263545393943787
-1.1694637537002563
-0.686867356300354
-0.44586050510406494
-3.5015194416046143
-0.4057251214981079
1.1633557081222534
1.058610200881958
0.24227198958396912
-0.6152815818786621
-0.6854573488235474
2.591261386871338
0.6876944303512573
-0.9566570520401001
-0.10698045790195465
-2.824557065963745
0.9704339504241943
0.343273401260376
-0.07322448492050171
-1.8450392484664917
0.08199315518140793
-1.275702953338623
-1.4407285451889038
2.500192880630493
-0.7098615765571594
2.007065534591675
-0.4819880723953247
-0.3125511705875397
1.0813374519348145
0.35188841819763184
0.6144822239875793
-0.48574328422546387
1.661839485168457
2.2914185523986816
-0.7294934391975403
-2.1039326190948486
-0.08379610627889633
-1.1839526891708374
0.5230025053024292
-0.3747116029262543
-1.1860636472702026
-4.483524799346924
1.7329821586608887
-0.8163910508155823
-1.40651535987854
0.28213751316070557
-0.5165662169456482
0.3070889711380005
-0.05420388653874397
2.424710512161255
-0.3299998641014099
-0.6657198667526245
1.282111644744873
1.9577938318252563
0.3816310167312622
-0.5138238072395325
-1.7304677963256836
-0.5568835139274597
-1.0246847867965698
1.6222609281539917
1.9370965957641602
0.555827796459198
-1.2755123376846313
0.4576255679130554
0.4084145128726959
-1.537599802017212
-0.6211491227149963
2.321640729904175
1.2075704336166382
2.063117504119873
-0.04089486598968506
-0.026607267558574677
-1.8927178382873535
0.1775369644165039
-2.8301570415496826
0.7843216061592102
0.13087084889411926
-0.28971120715141296
-0.033997174352407455
0.4658612310886383
-1.4172178506851196
0.531743586063385
0.6973956823348999
1.4550437927246094
-1.2441792488098145
1.146270513534546
-0.4607022702693939
-0.12442108988761902
-3.0059287548065186
-0.48966601490974426
-0.49997276067733765
1.309500813484192
-2.1146047115325928
0.9438154101371765
-0.6615868806838989
1.45543372631073
1.0426572561264038
1.291916847229004
-0.5257033705711365
0.8522825241088867
0.717282235622406
1.4072308540344238
-0.04892771691083908
-0.1654277741909027
0.4951944947242737
0.21702255308628082
-0.14519062638282776
-1.3103435039520264
-0.34319233894348145
-1.552748203277588
1.7868937253952026
-1.0625916719436646
2.400625228881836
0.09574718773365021
-0.14796485006809235
1.2861204147338867
-0.33234307169914246
-0.033859483897686005
-1.584726333618164
-1.468237042427063
-0.05121168494224548
-0.3409477770328522
-0.9180833697319031
-0.05618656054139137
-0.3242124021053314
-1.9459741115570068
-0.0885867103934288
-0.43439623713493347
0.8798357844352722
-0.0897042453289032
-3.1816093921661377
-0.3005968928337097
0.6983671188354492
-0.3733406066894531
0.9898529052734375
1.0712610483169556
1.0616726875305176
0.4356797933578491
-0.6777182221412659
-0.7319723963737488
-0.26000869274139404
0.24200616776943207
0.7373090386390686
-0.33550819754600525
0.756428599357605
-0.2666979432106018
-1.68882155418396
0.45817577838897705
-0.7586312294006348
-0.04607275500893593
-0.741721510887146
-0.5712629556655884
0.35379207134246826
-0.5434687733650208
1.5491186380386353
-0.15606102347373962
0.6619513630867004
-1.3978644609451294
0.40805214643478394
-0.8506085872650146
-0.9477143287658691
0.7415913939476013
0.8993016481399536
-1.3600808382034302
1.23177969455719
-0.43999046087265015
0.35746800899505615
-1.0726205110549927
0.5480455756187439
2.401662826538086
0.06828108429908752
-0.2511288523674011
0.9592573046684265
1.7450124025344849
-0.808797299861908
-0.5652496814727783
6.200662136077881
1.3811086416244507
0.0019029055256396532
-1.4011679887771606
-0.3700067400932312
1.300342321395874
-1.5932695865631104
-0.2415233850479126
-0.9306624531745911
-1.3368273973464966
0.39730286598205566
-0.6519561409950256
-0.8712154626846313
1.414527416229248
0.798790454864502
-0.7906192541122437
-1.019087314605713
0.7497382164001465
-1.1466472148895264
-1.3899421691894531
-0.841269314289093
0.4181148111820221
-0.15701550245285034
0.23852135241031647
-6.014617443084717
-0.3116396963596344
0.8584485650062561
-0.8959302306175232
-3.0412135124206543
1.4505263566970825
2.9527902603149414
-3.2278032302856445
0.2417963743209839
0.9373955726623535
0.22048689424991608
0.3477022647857666
-0.8745572566986084
-0.5864130258560181
0.842380940914154
0.5415886640548706
-1.908170223236084
1.8330901861190796
-4.493417739868164
-1.860909104347229
-1.617225170135498
0.7245660424232483
0.8521519303321838
4.353288650512695
-1.2633960247039795
0.2868482172489166
1.2317262887954712
0.34493228793144226
1.0111799240112305
0.08787504583597183
-0.5256438851356506
-1.172336220741272
-0.2177046537399292
-0.5624057054519653
1.6679471731185913
-0.8276863098144531
0.4683016836643219
-0.055697232484817505
-0.4991544485092163
0.15190042555332184
-0.39361295104026794
-0.8644205927848816
-2.845808267593384
-0.1344909965991974
-0.19317659735679626
1.9938803911209106
-0.9352260828018188
-2.069887638092041
-1.0017353296279907
0.8923346996307373
-1.3257871866226196
-0.7229900360107422
0.3291342556476593
-0.7821240425109863
-1.4040225744247437
-0.668417751789093
-0.12527331709861755
-3.462794303894043
3.139474868774414
-0.4913516938686371
0.41090887784957886
0.5716296434402466
-0.03487490490078926
-0.029960310086607933
0.9316022992134094
0.5698341131210327
0.17642225325107574
-0.6762228012084961
-0.2792871594429016
0.08616780489683151
-1.2101562023162842
1.03708016872406
-0.09652488678693771
-1.9954968690872192
0.7293760776519775
0.7869436144828796
0.7050458788871765
0.3541263937950134
1.7142003774642944
1.0878558158874512
-1.2891931533813477
11.81942081451416
-0.4828962981700897
-0.8077277541160583
0.6516663432121277
1.693933129310608
-0.44582968950271606
-1.0707364082336426
-1.3017023801803589
4.278796672821045
-0.5778096318244934
-2.974111795425415
-2.4936020374298096
-0.5342632532119751
1.4418433904647827
1.2266168594360352
0.18658778071403503
-0.7268075942993164
1.2608058452606201
-2.0444655418395996
-0.8149695992469788
-0.0009268367430195212
0.06407932192087173
0.8764245510101318
-1.2196124792099
-3.4853577613830566
0.0012049032375216484
-0.7832054495811462
-0.9665545225143433
-0.6337019205093384
0.34435102343559265
1.4565609693527222
0.5670555233955383
0.6278259754180908
1.0814450979232788
-0.07248936593532562
0.7556041479110718
0.7476062774658203
0.8360856175422668
1.1764380931854248
-2.5315210819244385
-1.1732256412506104
-2.157579183578491
-2.2190701961517334
-1.2349790334701538
-0.238710418343544
1.1970170736312866
-0.62384033203125
-0.4120687246322632
-0.6087719202041626
1.3877313137054443
-0.7908649444580078
-1.8083617687225342
2.7121245861053467
0.5572189688682556
1.2553967237472534
0.3547709286212921
-0.8618632555007935
-1.3683215379714966
-1.9636574983596802
-0.15344616770744324
0.6600699424743652
-0.8817306756973267
0.8470651507377625
-0.17088007926940918
1.2426602840423584
0.0444754883646965
0.6023675799369812
5.763979434967041
1.3479994535446167
-0.03154609724879265
-0.040457699447870255
-1.019588589668274
0.6619312763214111
0.12646332383155823
0.6030118465423584
-0.6133583784103394
-1.6864389181137085
0.15272434055805206
-0.27092641592025757
-1.2434414625167847
-5.473047733306885
7.966073513031006
0.7577627897262573
0.16010700166225433
-0.9154744744300842
2.1049156188964844
-0.8059839606285095
-0.25348901748657227
1.2376025915145874
1.1544333696365356
2.6824183464050293
-0.3457490801811218
-0.5349092483520508
-0.785061776638031
0.3958992063999176
-0.2052571177482605
-2.248518705368042
-1.4106589555740356
-1.6022191047668457
1.0688446760177612
-0.28222864866256714
0.5311459302902222
2.2321877479553223
-1.0841845273971558
-0.5808003544807434
0.6460694670677185
-0.33706751465797424
1.4458788633346558
0.708087146282196
0.7639684677124023
-0.5015980005264282
0.21611778438091278
-0.7737658619880676
1.6850205659866333
2.824089765548706
-2.8274450302124023
0.22713419795036316
-1.1496506929397583
1.0508880615234375
1.2891626358032227
-0.06601626425981522
0.2341655194759369
0.1084381490945816
-0.5675163269042969
-0.7432164549827576
1.1449956893920898
-0.746707558631897
0.29673653841018677
-0.589729905128479
-4.754977226257324
-0.25955355167388916
0.6592601537704468
1.4338022470474243
9.073296546936035
1.9087616205215454
-1.5815231800079346
1.7026565074920654
0.6650704145431519
-0.05584774911403656
-1.0314234495162964
0.7741772532463074
0.4539502263069153
-0.9086626768112183
-0.36273837089538574
0.36877742409706116
-1.1062524318695068
-1.1446713209152222
-0.3659971356391907
-0.32954615354537964
0.2893497347831726
0.5996221899986267
4.924602508544922
1.2577321529388428
1.3118691444396973
0.5667884349822998
-1.0810800790786743
0.8941062092781067
0.4126656949520111
0.24810051918029785
1.2181988954544067
-0.6782442331314087
0.9328961968421936
1.3853809833526611
-1.127894401550293
1.7056008577346802
-2.931427478790283
-0.27187860012054443
0.4907710552215576
-0.5385582447052002
0.5240107774734497
1.5077570676803589
0.16122640669345856
-1.4808826446533203
0.42698538303375244
0.34739750623703003
0.08776358515024185
0.867185115814209
2.088728666305542
-3.801287889480591
0.1387581080198288
-0.08295165747404099
-0.3716084063053131
0.8279592394828796
2.052896738052368
0.6569488644599915
0.8695815205574036
-0.7969040870666504
0.2130315750837326
0.6472259163856506
-0.20359040796756744
0.5050356984138489
0.6384687423706055
0.416255921125412
-0.5717963576316833
-1.9441189765930176
-2.213308334350586
0.20527642965316772
-0.8318067789077759
0.9754282236099243
-1.2217028141021729
0.05983421579003334
2.4239540100097656
1.1348267793655396
-1.1386148929595947
0.6997354030609131
0.3000944256782532
0.22699330747127533
-0.3748651146888733
-0.1662578284740448
-1.9684407711029053
0.20726658403873444
1.953640341758728
-0.7600354552268982
-3.8590450286865234
-0.5071731209754944
-0.4076625108718872
8.9191312789917
-0.791615903377533
-0.27237990498542786
0.9019584059715271
0.8484209775924683
1.2103102207183838
0.7118468284606934
2.829392671585083
-2.257768154144287
-1.1761844158172607
-1.6055797338485718
-0.6082705855369568
1.1250953674316406
-1.2727779150009155
-0.3271232545375824
1.1227082014083862
0.1316603124141693
0.18285949528217316
-0.07111702859401703
4.238700866699219
2.0523808002471924
0.8273972868919373
0.14612451195716858
-0.08184859901666641
-4.623330593109131
5.263092517852783
-1.2112195491790771
1.0194976329803467
-0.9146724343299866
1.7335643768310547
-0.8360126614570618
1.4167710542678833
0.3638138175010681
1.128888487815857
-0.8140166401863098
-0.7007696032524109
-0.9087618589401245
-1.7655415534973145
-2.4664466381073
-0.5618746280670166
-0.1788284182548523
-0.07652672380208969
0.45042601227760315
0.884416401386261
1.5085399150848389
0.7523285746574402
-1.0461663007736206
0.9036885499954224
1.4576058387756348
-0.20641690492630005
-1.8274779319763184
1.5186185836791992
-0.7563767433166504
-0.9963402152061462
-0.5712875723838806
-1.5536856651306152
0.17914392054080963
-0.09858684241771698
-1.2380450963974
-1.9489660263061523
0.6988323926925659
-1.2690900564193726
0.4826240539550781
-1.4675941467285156
-3.3428614139556885
0.9471116065979004
