0.0142728463
0.00905992091
0.0161957443
0.00764950225
0.0465302803
-0.00403345376
0.0120710945
-0.0106981751
-0.0196043421
-0.0210215766
0.0063822614
0.0227234606
0.0253169816
-0.00549415499
0.00789645314
-0.0354878455
0.0403036177
-0.0107713686
-0.0116320569
-0.00576607184
0.0150839258
0.0315453596
0.00336503377
-0.0114188958
0.0180747043
-0.0259927269
-0.00401173206
-0.0350671299
0.00665844465
0.0286766775
0.00488107
-0.0165208187
0.00144505198
-0.108807787
0.321914792
0.00368369906
-0.0484084636
0.017615743
0.00257382309
-0.00981527567
-0.0425212756
0.00952935498
-0.000331846881
-0.00931165274
0.0381788462
0.0173263568
-0.0200525969
0.0225085616
-0.00832997449
0.00920781773
0.00654116413
-0.00771782175
0.0174986534
-0.0111233462
-0.0142035158
-0.110352285
-0.00183231849
-0.063896589
0.0334923863
-0.0055465484
0.02290163
0.018033579
0.00334588694
0.00587585662
3.25543515e-05
0.0798768327
-0.0227898713
0.00335288816
-0.0325108841
0.0083844671
0.0195238609
-0.00483354833
0.0094606122
0.0210379697
0.00180161512
0.0114529664
-0.00915981643
0.00710743666
-0.145661056
0.0162391905
0.0100992592
-0.0376222432
-0.0431638248
-0.0145124616
-0.0055812872
-0.0172054078
0.021151172
-0.024240775
0.00144214462
0.0511931218
0.017536439
0.0064835567
0.00840647984
0.0365823843
-0.189698294
0.0129618542
0.00995952263
0.0447330475
-0.0128921894
0.000838507083
-0.0293692425
0.0553783216
-0.0125150979
0.0501709916
-0.00819669198
-0.0499625728
-0.027305942
-0.0431231633
0.0537966192
0.0810533911
0.0308048483
-0.00170125382
0.0143440049
0.0124445613
-0.0296639334
-0.157026172
-0.0115645519
0.0136925662
-0.0282288399
-0.0221081674
-0.0185892526
-0.0373852737
0.0198006276
0.0155980783
0.0644538328
0.00294584641
-0.0155190108
-0.0174080152
0.026995888
-0.0101716844
0.00701514073
-0.000407998741
-0.0113667501
-0.00973380543
-0.027686419
-0.0281747915
0.0113976058
-0.00646917894
-0.0236055199
0.0210332349
0.00632841978
-0.0142291402
-0.00356131815
-0.00181485363
-0.00523360912
0.00729992846
0.00750071974
0.017546216
0.0162050016
-0.00718204072
-0.026041396
0.0269459505
-0.021851914
0.00276392163
0.0199503265
-0.0206848774
0.0105634993
0.00243138429
-0.00896456838
0.00341632823
0.0150282737
0.0051717856
0.0111956093
0.0136682326
0.0300128181
0.0250977706
-0.00282228854
0.0110302661
-0.00528040808
0.0706490353
-0.0617532209
0.0239784215
-0.0144790979
0.00584025728
-0.0138825905
0.0324525274
0.00218499335
-0.0141542507
0.00218188111
-0.0720898509
-0.0164111033
0.0267070588
0.0209668037
0.00147693744
0.000701343524
0.00288703898
-0.0253878608
0.00964401942
-0.0159140993
0.0052624708
-0.0308143124
0.0118678501
-0.0343585461
0.0119188447
0.00135590741
-0.0330943018
0.00546838529
-0.00290298183
0.00833099522
-0.0504741259
-0.03849525
0.0197932683
0.00518373912
-0.00489066541
0.0175445769
-0.00222515711
-0.0246872064
-0.0258935019
0.00293279509
-0.00282413675
0.00975286774
0.0132284798
0.00544643402
-0.025147479
0.00246626185
-0.0587829463
-0.0630788282
-0.0106861237
-0.0322689526
0.0256917663
0.00313250045
-0.0191842578
-0.0119384145
-0.00571748754
0.00033168029
-0.0122857047
0.0188812912
0.0190612804
0.00521750655
-0.00331425969
-0.0382038392
0.0426407829
-0.196729213
0.00103477633
-0.0104406504
-0.00583668984
0.0511879697
0.00998834241
0.00881793629
-0.0114767263
-0.0480900072
0.0159452409
0.000137389783
-0.00885424018
-0.0376756713
-0.0120080709
0.0348277315
-0.000523977738
-0.0525543652
0.017771896
0.0185389556
-0.0338378511
0.0012424899
0.00988739543
0.0445884429
0.0324578993
0.0152635137
-0.00427282276
0.00479209283
-0.00284558511
-0.00742157083
0.00712927431
0.0111746704
-0.0174907614
-0.00534594525
-0.00875521824
0.0078614587
-0.033973407
-0.0128554963
0.00538771367
-0.0662601441
0.0350884199
0.00160262431
0.0152787827
-0.00612512045
-0.0169332828
0.0195918418
-0.027686106
0.0148748877
0.0165641923
0.0080789458
-0.00101535802
0.00221699895
-0.00040585699
-0.00132119108
-0.0100108692
-0.00540478714
-0.00487218052
-0.0231912415
0.00347202085
0.000164097117
-0.00635737926
0.00972746592
-0.0177584533
0.00561239384
0.0108709801
0.0304398127
-0.00356170768
0.0222501867
0.00953312777
-0.0200448483
0.0385812894
-0.00631844765
0.00184785121
-0.0199528299
0.000890808762
-0.0273242723
-0.0183571149
0.00649726251
-0.00462977216
0.00101928692
0.025694048
-0.00193010981
0.00141772593
0.00646201987
0.00794007163
0.0148378061
0.0172048397
0.0532710887
0.0137300491
0.0113418847
-0.00599578256
0.00449480163
-0.00382289616
0.0163969956
0.00190952118
0.000177832786
0.00241224142
0.0101604667
-0.0288927667
0.00520257186
-0.0017832882
-0.00316298148
0.0190416873
0.0158607569
0.011803736
-0.0119114351
0.00844453834
-0.0282782912
0.00135697029
-0.0181983709
-0.0139847873
0.0208734609
0.0109962299
0.00782558601
-0.0013806764
0.00752082514
0.0188633166
0.00334657566
-0.0203392655
0.013069679
0.0189604778
-0.0185190178
0.073853381
0.091480203
0.00290664099
0.0155508099
-0.0183494929
0.00186955486
0.0161032677
-0.0113681769
-0.0406325012
-0.0155013558
-0.000773632783
0.0107695805
-0.0268239826
0.039341718
-0.00813878234
0.0301773529
0.00796902552
-6.95743802e-05
0.0284974594
0.0220287442
0.0152089894
-0.0105113955
-0.42038238
-0.0170412622
-0.0222098492
0.0069519924
-0.018613657
0.00575229945
-0.0183743685
0.0076691932
-0.00796926674
-0.0253238529
-0.0363322757
0.022031201
0.0304354485
0.00747251278
0.00252732681
-0.0695199445
0.0288492627
-0.0259791091
-0.0183816254
0.0280258786
-0.00910678227
-0.00820914283
0.0275564902
0.00315754558
0.00622191839
0.00547514483
-0.00605089078
0.0311210062
-0.009965159
0.0107573783
0.0283574648
0.0033044708
0.0136608994
0.00823239144
0.0211276971
-0.000350485119
-0.00100779161
-0.00819686614
-0.00233368343
-0.0258813743
-0.0305183195
-0.0204613078
-0.0121037038
-0.00902818795
-0.00527302362
0.00495875441
0.0210582074
-0.0157240462
0.00604890008
-0.0147099346
-0.02986666
0.000498626439
0.0115630319
-0.000372371986
0.00321330293
-0.00404855981
-0.0144545864
0.000799377274
0.00804493204
-0.00172152405
0.055935584
0.00440858025
-0.00853386149
-0.0129002323
0.0108425003
-0.0115189971
0.014801329
-0.000253384584
0.0232612751
0.0053174966
0.0340315327
0.0359237008
-0.00338165183
0.00069110241
0.0277510453
-0.0112160798
-0.00270343013
-0.00154228497
0.00818018802
0.00759938173
-0.00133171689
-0.00580413966
0.0246346779
0.0097658094
0.0177344475
-0.00817575771
-0.0244201757
-0.0052754581
0.00759787764
-0.015892094
0.0197258424
0.00737138744
-0.0127639184
-0.0130416267
0.0260631349
0.00405014353
0.00425290409
-0.0063621141
-0.0257280339
-0.00828837417
0.0135449748
0.0300884787
-0.0241554342
-0.00488250144
-0.0062145018
-0.00384812313
-0.00540617667
-0.0220340434
0.00925344694
0.00833170488
0.00814951677
-0.00987747591
0.000568703399
0.0165573098
-0.0899510309
0.00485304836
-0.00837497506
-0.0263030455
-0.0133600151
0.00611321628
-0.00751140062
0.010619984
-0.000462235563
-0.0174224582
-0.0126944669
0.0199238807
-0.00707262522
0.0231537577
-0.0053115231
0.00464997534
-0.0100421384
-0.008318468
-0.0347581916
0.0401180871
0.0146670612
-0.0144340238
0.0183133967
0.0010025287
0.00380565017
-0.00227829558
0.00840695389
0.0156015642
0.00163267041
-0.00646869093
0.0221914444
-0.00728245778
-0.00152442674
-0.0180252511
0.0142162032
0.000806833501
0.038077008
0.033225853
0.00494081574
-0.00337108457
-0.00142953859
-0.0203574132
0.00384373404
-0.00545549579
0.00717710331
-0.0157922823
0.00222361204
-0.0185947996
-0.0184894409
0.00476635294
0.011036328
0.00421670033
-0.00665335264
-0.0500832759
0.00405649655
0.00209451513
0.00450603385
0.0287563726
-0.00762292603
-0.0114712594
0.0140348971
0.00930235442
0.00781886745
0.0576698594
-0.013837005
-0.00371675845
0.00840005279
-0.0316000469
0.0314681306
0.0251684226
0.035425555
-0.0168884657
0.0360214934
-0.00728575746
0.013094808
-0.029142566
-0.0127355531
-0.0275503304
-0.029107675
-0.0190605968
0.00782209728
0.00286353542
0.0198857337
-0.00205446058
0.0200763512
-0.0017410689
-0.00182099221
0.00351690757
0.0119385784
0.0384889618
-0.0108062271
0.00291152578
0.0176446307
0.0122268461
-0.0126031414
-0.00969042629
0.00643740501
-0.0105917966
-0.0192111153
-4.18324198e-05
-0.0186741985
-0.10171479
0.0376828089
-0.0196146276
0.00244527683
0.000379700796
-0.00678618532
-0.0115454197
-0.0213925056
5.34855935e-05
-0.0222139638
0.00695191044
-0.00880879071
0.0101817222
-0.0176143628
-0.000770203653
0.0162648875
-0.00182827213
-0.0237290002
0.000512646628
0.0094544664
-0.00323137129
0.0287856013
-0.0109257493
-0.0112629086
-0.0317674764
0.004946528
0.0180714969
0.0043889517
0.0256238841
0.0136955539
-0.014839408
0.0122186346
-0.00486774044
0.0051757847
0.0280539561
0.0200130213
-0.00489775371
0.00212277542
0.0067678527
-0.0196348634
-0.00134601723
-0.0154911838
-0.00659517245
-0.0311575793
0.00733828638
-0.0110401865
0.0269905273
-0.00245120097
0.0605237149
0.0062243049
0.0113817798
-0.00594975846
0.0198979154
0.0255229771
-0.0119316839
0.0273599885
0.00900590792
-0.0058938209
0.024803672
-0.0223553814
0.0115821334
0.00852350891
0.0407742672
-0.00234049745
-0.00802189577
0.0061526536
-0.00519392267
-0.0201525595
0.0181964189
0.0159849823
0.00826640148
0.0105581991
0.0476301573
-0.0329993442
-0.019518191
-0.00811574422
0.0192241836
-0.0191124268
0.00434683915
-0.00251690298
0.00205062563
0.0197236873
-0.0301793627
0.147898659
0.121969149
-0.00588447507
0.0222820789
0.00146040739
0.0211182702
-0.0285289772
-0.0147200022
-0.0412801541
0.0396501645
-0.0484866463
0.00282790815
-0.00837272219
0.0292934161
-0.0199424271
0.00603950256
0.0142471967
0.00540773105
0.00719599472
0.00712332176
0.00568953296
0.00229347334
-0.192208007
-0.0152413752
0.00326793734
-0.00462681567
0.00184708368
-0.0194640197
0.0183720943
-0.0117786825
0.0311423521
-0.00425527431
-0.0133884056
-0.0187281277
0.00104975502
0.00900147017
-0.00472389953
-0.0138981901
0.0356008448
0.0222827382
-0.00405730912
0.0112842079
0.0182374138
-0.0281532798
0.00572090223
0.0785555467
0.00731458608
0.0105168466
-0.0170464944
-0.00660028076
0.0174178816
-0.00849006139
0.103975207
-0.0285755247
0.0230463091
-0.0160939805
0.0068862387
-0.00287667126
-0.0061791176
0.0191949252
-0.0191784278
0.0873149037
0.00275494601
-0.0238877106
-0.0228953678
-0.0148212817
-0.0389954634
0.0190412514
-0.00675328402
-0.0244558696
0.0443827845
-0.00479152519
-0.0272125229
0.00953438878
0.00917826686
-0.00693336129
0.0189468265
0.0131875183
0.0240211431
0.0142723992
0.0107270163
-0.021938365
0.00449124677
-0.0243787318
-0.0142863672
-0.0161204115
-0.0145997601
-0.0175829194
-0.000705697399
0.0234666113
0.0150476145
0.00880295783
0.0336359851
0.0532815084
-0.0133010224
0.0127070919
-0.0058916593
0.00534880534
-0.011286919
-0.0017047897
0.0133077903
-0.00681800535
7.75434892e-05
-0.00353978993
-0.00531625003
-0.00324715627
0.00709964894
0.011624366
0.00606668275
0.00222708355
-0.0119354716
0.0354423821
0.00261127693
0.0076803877
0.00431013945
-0.0144484937
0.0079809539
-0.0339740179
-0.0174739435
-0.0019057577
0.00447994983
-0.00339213246
0.0187678486
-0.0187101588
0.012517889
0.00365057029
0.0151692713
-0.0128331557
0.0145701915
0.0131926192
0.0120010152
0.0028220755
-0.0125244064
-0.0337326042
0.0268993359
-0.00511764456
0.00854048785
-0.00148526521
-0.00457686931
0.00386644877
-0.0138776982
-0.0199226905
0.0156587958
-0.0320782475
-0.0111730304
-0.0498231277
0.00970856287
-0.0147897191
-0.0185080934
-0.00768227177
-0.0144006852
0.0152409449
0.0174754336
0.0108710863
-0.0143611664
0.0147049669
0.00425009942
-0.011108879
-0.0152977677
-0.0146114826
0.00440138532
0.0304451007
0.00902065635
-0.0271739308
0.00847483985
0.0144425677
0.0174279567
0.00830457825
0.0144325672
0.0136818616
0.0136147318
-0.0076697208
0.0271074269
-0.0035914043
0.00586798135
-0.0267039593
0.0263353866
-0.00213604048
0.000842180569
-0.00959424302
-0.0253076628
0.017688036
-0.0117120016
0.00798959471
-0.0365300477
-0.0215114634
0.0260869227
-0.00781472679
-0.00980489049
-0.0328452736
0.00261749281
-0.0222748667
-0.0101552196
0.00569473905
0.00207695621
-0.000584840134
0.0354867093
0.0174764711
-0.00812886469
-0.0173800699
-0.0269363597
0.0062589664
0.00413965108
-0.0186950285
0.00982879195
0.00184732
-0.012086736
-0.0170037635
-0.0265453979
0.0140118422
-0.0196286272
-0.00384346768
-0.00156349374
0.008251369
0.0153172342
-0.0119645447
-0.00365961879
0.00205724756
0.0253346246
-0.00744857127
0.0293535274
-0.00750164455
0.0214094017
-0.0268232469
-0.0124984952
-0.0157549996
0.0387145951
-0.0234924685
-0.0252356268
0.00105017133
0.00272590411
-0.0138699636
-0.0125362501
-0.0204326753
0.0154356547
0.00032765069
-0.00533450348
0.156352818
0.00805424061
0.0398131274
-0.0109459758
-0.0253494103
0.0130224535
0.015593484
-0.0115523878
-0.0211197939
-0.000508856378
0.00957468431
0.00486765662
-0.00764449639
0.0208653025
-0.0358356535
-0.00829502381
-0.0149937384
0.00535092223
0.00143479242
0.00599963218
-0.000229794299
-0.0231791902
-0.0131766554
0.0226212721
0.0111319283
-0.0206985176
0.0428901277
-0.00347239524
0.00329272356
0.000424002501
0.00200738711
-0.0212958921
0.0227106903
-0.00709081301
0.00768292276
-0.0162327215
-0.0207562856
0.0309176371
-0.00798898004
0.00349329459
-0.0168135762
-0.0121726058
-0.00611168565
-0.0205064267
0.0274823233
-0.0420991182
-0.00361435371
0.0176741742
0.0398357064
0.0133366976
-0.0128937541
0.00155981386
0.0199523196
-0.00905713532
-0.026336059
0.0423831604
0.0074857045
-0.0237026755
0.049892135
-0.00705301622
-0.0181108117
-0.0117462631
0.101554498
0.012972218
-0.0118421121
-0.0107469736
0.00167698646
0.00964536797
-0.0525820591
0.0331089385
0.0171733648
-0.02834245
0.0417640209
-0.0214434043
0.0211526379
-0.0531370454
0.0111805154
-0.0319827497
-0.0112778544
-0.000361074461
0.017136924
0.0146376574
0.0339127555
0.127977058
0.0902023241
0.0105240466
-0.00404222729
0.0190427266
0.00378254661
0.0098072812
0.0232245009
-0.0045447615
-0.000336930068
-0.0164705981
-0.019264264
0.0195222478
-0.0102844182
0.0210425798
-0.00197149161
-0.00881926715
0.0100120734
0.0184559524
0.0279955529
0.0178623907
0.0298168957
-0.43231982
-0.00313901482
-0.0288267843
-0.0114644989
-0.0225130916
0.00496314
-0.0219586864
-0.0341392905
0.0162868034
-0.0118494313
-0.0230033658
-0.0142019559
-0.00764804706
0.0339451469
0.00292019034
-0.0447461531
0.0110814674
-0.00736126676
0.0139861936
-0.0252522193
0.0287605058
0.00583023671
-0.0197533369
0.0544677824
-0.00897329766
0.0185165294
-0.0251809973
0.0441385843
0.00797511917
0.0101632485
0.0613835678
0.0140396049
0.00286517176
-0.00992903952
0.0290661734
0.00237456686
0.0138499197
-0.0341738127
0.0163609143
0.083013691
-0.00589944283
0.00283514289
-0.0103334384
-0.00309010083
-0.0105341747
0.0075323917
0.00470829709
-0.0134605933
0.0108304424
-0.010623401
0.00749881566
-0.0237361491
0.0123577919
-0.0114080943
0.0344192535
0.00750773586
0.00601371471
0.00100103032
0.0142398318
-0.0126920929
0.0306572691
0.029685989
-0.0092338156
0.0276132096
0.0213933345
-0.0195519663
0.00695281709
-0.00976778939
0.0131641719
0.0108937295
0.0242245067
0.0340634473
0.00351940654
0.00134219276
0.00208789529
0.0103937788
0.00397472503
-0.031200394
0.00873841159
-0.00972993672
-0.0127468212
0.00413206685
0.00780417863
-0.0116898725
-0.00329656946
0.00231494405
-0.0230510589
-0.00228904118
0.0063346792
0.005810617
0.0197397619
-0.000458020746
-0.0445415936
0.00303633162
-0.00512098148
-0.013189259
-0.0355922505
3.74395895e-05
0.00664206268
-0.00321526662
-0.00282905134
0.0409249514
0.0364308879
-0.00795729551
-0.00571285468
-0.00943670608
0.00924528576
-0.0160303023
0.0249361824
0.00203855708
0.0158346444
-0.0131169055
0.0389306471
0.00987279695
0.158623859
0.0078931218
-0.00144135766
-0.0181344002
-0.0233680345
0.00850458443
0.0079195248
-0.0297199059
0.0236690138
0.00694502378
0.0275348425
-0.0143722342
-0.000579870364
-0.00798761193
0.0431762822
0.0215579253
0.0286408179
0.0322287083
0.00359098846
0.0180996563
0.00372767868
-0.000595841266
-0.019400714
0.0361675657
0.0408771113
-0.0198992081
-0.00382255274
0.0278748199
0.00566574046
0.0184416957
-0.003962141
-0.0034025826
-0.0304929968
-0.0170477536
-0.00395390578
-0.0120000523
0.0191321298
-0.0304575153
-0.0158804376
0.0330455787
0.0183120016
0.0103599532
0.00399215333
-0.00690322462
0.00280778366
0.0296839979
-0.0129243908
-0.00964422617
-0.0100510875
-0.0134215178
0.0247183573
0.0262487531
-0.0431777351
-0.00522209611
0.0231397897
-0.0157307442
0.00194905337
-0.0046020369
-0.0116951196
-0.00480041746
-0.00703905243
0.0462679751
-0.019310018
-0.053282164
0.0134409005
0.0203440096
-0.00805416144
0.00194974744
0.0106333373
-0.00709729502
-0.0127908671
-0.0043708398
-0.00458767358
0.0203538705
-0.0141786067
0.00439061178
0.0220634658
0.00701595703
-0.0068351808
-0.00479032611
0.00330674532
-0.0270594582
0.0282303896
0.0242021568
0.0228550173
0.0153078306
-0.0145911789
-0.0318962112
-0.03754941
-0.00471700728
-0.0227185749
0.000189822837
0.00174191745
-0.023036683
0.0104638357
-0.00623618672
-0.0200237874
0.0071838717
0.013886679
-0.0136804515
0.0203835666
-0.0595072545
-0.00983225461
-0.014078388
0.00951184426
0.00284750154
0.015705632
0.0189127214
0.0203270148
0.0172964707
-0.0127382632
0.0481024534
0.015857514
-0.00658091251
0.0161343422
-0.0208259318
-0.0059762015
0.0118859354
0.00372413616
0.00713544246
-0.0167184789
-0.0363474973
-0.00768350577
-0.0273444802
0.00158298248
0.00670675654
0.00310615846
0.0139431003
-0.00855360273
-0.00134587148
0.0160854012
0.0220576264
-0.00141591346
0.00565381022
-0.0186472349
0.0116529157
0.0359673724
-0.00258697243
-0.0146041671
0.0115956422
-0.0250193514
-0.00898060575
-0.00700216228
0.0187401511
-0.0163996089
0.0161386039
0.00948126055
-0.014954472
0.0272080153
0.160797119
0.0285493862
0.026019603
0.006107694
0.00308147841
0.0100837825
-0.0119952327
0.0262612049
-0.00838771649
-0.0377146453
0.00646561524
-0.0129768942
-0.0252058972
0.00232595857
0.057605505
0.0108846854
-0.0624527559
-0.028334178
-0.0401111282
0.029712338
0.00793231931
0.00595418224
0.0364623293
0.0239328332
0.04552982
-0.0136316279
0.00156149617
0.0256068278
-0.0423590615
-0.0305483211
0.0305022616
-0.0140031371
-0.00330451783
0.0191922002
0.0118763521
0.250798017
0.114344358
-0.00649203639
0.0192514602
-0.00427121855
0.016399594
0.0266431794
0.00112919265
-0.00299321348
0.0493405536
-0.0131277479
-0.0128683085
0.0239206012
0.00643896218
-0.0116395745
0.0199330989
-0.010564168
-0.0277749076
-0.00407141121
0.00690154033
0.0125508783
0.0020625887
-0.187926799
0.00158765912
-0.0272635296
-0.000180476811
-0.0513325632
0.00447008014
-0.00146965857
-0.0142692626
-0.0314835273
-0.0464671478
-0.00563900173
0.016816102
0.0050971373
0.0267564654
0.0175133813
0.00101287803
0.040784765
0.00578840915
-0.00683170138
-0.0103263678
-0.00582493702
0.0246612057
0.0110176373
0.0808815435
0.0193694644
-0.0164288152
0.0101535534
0.0241937879
-0.0186028704
0.000200964307
0.0254398976
-0.0122970585
0.012259867
0.000506105716
0.00990753155
-0.00737855164
0.0247304644
0.00901433453
0.00188468059
0.0164279435
-0.00504608452
0.0143863764
-0.00803453475
-0.0147877615
0.0522536263
0.0216848683
-0.00718909176
-0.0180700496
-0.00753110927
-0.014635982
-0.0010364491
0.0117950113
-0.00748702232
-0.018501604
-0.0345513225
-0.000702393765
-0.0358208492
-0.008310684
0.0154433688
-0.0327542983
0.0083611384
0.00877995882
-0.0177432708
-0.00374812749
0.0203540716
-0.0259436518
-0.0102629848
-0.0236824676
-0.0329361781
0.00498317834
0.0129644452
0.0130959433
-0.0119687887
0.0339583457
0.0127010774
-0.028896926
-0.0137745803
-0.00642901706
0.00308334315
0.0333918408
0.00151081383
0.0164655633
0.00890159886
-0.00433629891
0.00608859397
-0.0194511358
0.00287317741
0.00735717826
-0.016200291
-0.0218749046
0.00619487092
0.022559246
-0.0229595099
0.00842464902
0.00591210462
0.00661820546
-0.0055713281
0.0130848903
-0.0245355815
0.00997696444
0.00257594697
0.0275396928
0.0200459361
0.0182109252
0.0158977788
0.000760738214
-0.00635835947
-0.0290825721
0.0211502202
0.00872145779
0.0085093705
-0.0029903634
0.00611579092
0.0109764747
0.00826138258
-0.00983571075
-0.0221333597
-0.0178807769
0.0010612359
0.0139857065
-0.0172307435
0.0175482146
0.0243529025
0.0169840436
-0.0415102802
-0.00885328744
-0.0135654518
0.0308433641
-0.0121466396
-0.0149984444
0.00966813974
-0.00410431018
-0.0180075485
0.000838336302
0.0266158525
0.00754868798
0.00120877707
0.0111107798
-0.0122431396
-0.0173097085
0.0198905859
0.00720436638
-0.0100706657
0.00337005174
-0.00749681331
-0.00384689914
-0.0148552246
0.006584018
-0.0204727035
-0.00783776306
0.0248152912
-0.0174019523
-0.0206770878
0.00108757871
0.00642637629
0.0299985707
-0.029808104
-0.0264413282
0.0110941464
0.00673064729
-0.020165123
-0.00997645687
-0.0271889288
-0.00452149985
0.00763470167
-0.0217305701
-0.0364613682
-0.017209148
0.018280156
-0.0260429364
-0.00938866939
0.000886135851
-0.0125438794
0.000100974008
0.00962822512
0.0298953447
-0.0244835913
0.0713904873
0.013353087
0.00132584758
0.00324603217
0.0122860037
0.0113330809
-0.0176956598
0.000869715353
-0.0217050612
-0.0138081154
0.00230035442
0.010648557
-0.00487954309
0.0165719539
0.0203930512
-0.0487104282
0.00932940561
0.0128675075
-0.0160057619
0.0111705745
0.000789696584
0.0140101491
0.0340334736
-0.0101324189
-0.0148464385
-0.00728674652
-0.00439486001
-0.0215370953
0.0220381301
-0.0136091607
-0.0184915699
-0.0124656651
-0.0184503626
0.00372780766
0.00679373275
0.000472472602
-0.0224599801
-0.0170037765
0.205361784
0.0102841696
0.0280360747
-0.00167551765
-0.0454753712
0.00505233044
-0.0241977219
0.00898554735
0.00560756866
0.00364496442
0.0167795848
0.0262570195
-0.00870820601
-0.0044423542
0.00217019813
0.0144474199
0.00182932126
0.0155395716
-0.00404718379
0.0167347994
0.0021050314
0.00462328549
-0.00621119468
0.0291728191
0.00368060358
-0.00408049719
0.0115895728
-0.00093463494
0.000762394455
-0.00330524612
-0.027855942
-0.0189540703
0.00948795862
-0.0107299713
0.0083300313
-0.0123285707
0.0166544653
-0.0200668462
0.00860479474
-0.0210447852
0.024092719
-0.0183239859
0.00254349085
0.00169534411
0.0161367338
0.00235728314
-0.00359569164
-0.000613203621
-0.00766126206
0.0257564466
-0.0224418603
0.0149149634
0.000595818681
0.0206859075
-0.0368818939
0.0136974044
-0.0149388853
0.00493963854
0.00294948183
0.00776174199
0.0136061003
-0.0136214951
-0.0528900363
0.0314385034
0.00762100006
0.0146880308
0.00347004994
-0.00235462212
0.0144296773
0.0053383382
-0.0166083407
0.0314495452
-0.00536619686
0.0148563422
-0.00875835307
0.0112049812
-0.0283557884
-0.00652179262
0.00810756814
-0.0148042012
0.00313557684
0.0498581156
-0.0424408503
-0.0605540909
0.147877976
-0.0370551869
-0.0317778103
-0.0330823064
0.00367636047
-0.0165772792
0.00134620152
-0.0141766807
-0.0397771783
-0.0731931478
0.00864655897
0.00199256558
0.023947062
-0.0127669601
-0.00138043286
-0.0104033109
0.0522555299
-0.0255066622
-0.0163368769
-0.00870070327
0.00656637363
-0.410872936
0.00716461241
0.0127211669
0.0141232759
-0.0142756319
-0.00374926068
-0.00369222416
-0.00713550113
-0.000413028349
0.0108915446
-0.0167522971
-0.0130613055
0.00330039184
-0.0150070833
0.00953800883
-0.0475970581
0.0468121618
-0.00654808339
0.00545917498
0.00954215508
0.0313856751
0.0375052616
-0.00111379463
-0.0366704613
0.0169678833
-0.00302794506
-0.0034345102
-0.0246864185
0.00514509203
0.00622577313
0.0364158973
-0.028106492
-0.0263514668
-0.0103171999
-0.0102156447
0.0341546088
0.0125882663
-0.0273717828
-0.0223503541
0.0995208323
0.00281185494
0.0115459831
-0.0179099068
-0.00935635064
-0.0441465937
0.00487115234
0.00432092976
0.00491266651
0.00428751111
0.0339602157
-0.016354423
0.0216772221
-0.0150098242
0.0189310554
-0.0024271307
0.00473597087
0.0103459656
0.0374217331
0.0110891555
-0.000899888168
0.0207303111
-0.0028439553
-0.00575929042
-0.00675153174
-0.00426419638
-0.00448918156
0.00994706526
-0.00301277335
0.00460553216
-0.0119640473
0.0345507339
0.0241070688
0.0241145063
-0.00576892123
0.00918709114
-0.0149747422
-0.026684653
0.00558383111
-0.0250063725
0.0279929731
0.00593824917
-0.00579965441
0.00166029728
0.000461585354
0.0243090726
0.00382304983
-0.0046112393
0.000387957436
-0.00607228093
-0.00917636044
0.00786008593
-0.00812594593
0.0174954645
0.00808744412
0.0285762623
0.0180879198
-0.000747897371
0.000512198079
0.014845157
2.51777456e-05
0.0210505724
-0.0304091163
0.0127790365
0.00392842758
0.00196424918
0.0058098631
0.00184208457
-0.00556567311
0.0158207882
0.00587055413
0.0143750748
-0.00889170822
0.00274546212
0.0064925123
-0.187294051
0.000651883951
-0.00239851954
0.0213999562
0.012502484
0.00589928264
-0.021306932
-0.0256874375
-0.0296904501
-0.0102860779
-0.0107717384
0.020381432
0.0187649094
-0.0189920198
0.00279606343
0.00246943557
-0.00750593143
-0.0252788942
0.00726811495
0.00826540217
-0.00900312606
0.0028258469
0.00425392995
0.0366925746
-0.0422760136
0.0171486884
0.010373014
0.000554469705
-0.0172745828
-0.0329648741
-0.010297901
0.0122017274
0.0105406186
0.0216568541
0.0305376351
-0.00935446657
0.00843379088
0.0204242337
0.0158258602
-0.011808808
-0.00978353154
-0.038064722
0.00718640583
0.00102647487
-0.0415369682
0.00376976398
0.0325241834
-0.0162904169
0.000510951737
-0.0150668966
0.0269117281
-0.00520443032
0.0164548233
-0.0246585719
-0.00139021734
0.01478827
-0.00757194636
0.000780749135
0.00522795785
-0.0286318064
0.002196752
-0.00503631495
-0.0279086065
0.0731134936
-0.0190689974
0.0189068858
-6.04709858e-05
-0.0149060469
0.0104765799
0.0213986933
4.17285519e-05
-0.0189531427
-0.00164402043
-0.0156449601
0.0041959933
-0.00757781928
0.0123364087
0.00588679453
-0.00300919358
0.00930421893
-0.0028047266
-0.00263769389
-4.49834151e-05
0.0128717888
-0.00866194349
-0.000698216492
0.0206000134
0.0126637323
0.0270902552
0.0051179775
0.0268366728
0.0168260764
0.0208302643
-0.0351555124
0.00851447601
0.0203948393
-0.0316922218
0.0112810191
0.0010748955
-0.0084341364
0.00589992432
-0.0789264143
0.0143948076
-0.00690328469
-0.0391681157
0.00887875259
0.0221937485
-0.00925962254
-0.00978281442
0.0277418271
-0.0305417404
-0.0103994347
-0.00535876211
0.0252107251
0.00882340595
-0.0212904941
0.00229584286
-0.00924662687
-0.00698853284
0.00478612492
-0.0148354499
-0.0023899565
-0.00396793056
0.00623405306
0.0107777752
-0.0154935196
0.00153111189
-0.0176865552
0.0280556958
0.000971038884
-0.0120773315
0.012687441
-0.00245279004
-0.0082322387
-0.0051901415
0.00154739339
0.0177553874
-0.021270439
-0.0039177048
-0.0221546162
0.0279372316
0.00681495015
-0.00733362604
-0.0119163692
0.0193036348
0.0223654211
-0.0082035996
0.0256610531
-0.00963905267
-0.0325310826
-0.0207004454
0.0107590239
0.00659233192
-0.00513695367
-0.00318306661
0.0415234268
0.00457874779
0.0107031809
-0.00113595277
-0.0178967025
-0.000391681591
0.0128980298
-0.013677014
0.0646060556
-0.0096498467
0.00337564317
-0.0149693582
-0.00698057981
0.00462741777
-0.0286485665
0.0115708904
-0.00777977752
-0.00344259036
0.00844871718
-0.013070371
0.00452918373
0.00297632511
-0.00835542846
0.0123934122
-0.00849162042
0.00676398491
0.00677146111
0.011532844
0.00231511961
-0.223488525
0.403346926
0.00686940737
0.00588892214
0.010119441
-0.0117691811
-0.00608108519
-0.00864402577
0.00597454514
0.0042672269
0.0011113832
0.0229297094
0.00649594143
-0.00915488042
-0.00166874717
-0.00705013145
0.000126903062
0.0142841721
-0.0101600131
0.00014758161
0.011654363
0.00589694083
-0.041543562
-0.0160213448
-0.0403433256
0.0271204952
0.00755997607
0.00646682549
-0.00961178169
-0.0246785041
0.00578031596
0.00725789834
0.0186748449
-0.0214617662
-0.0151354549
-0.0138755599
-0.0136768436
-0.0337865017
0.027868893
0.0194675904
-0.000648646674
-0.0288787037
-0.00193400716
0.00699524814
-0.0110112485
-0.358823687
0.0309962779
-0.00459246943
0.00579771865
-0.0188808534
-0.0143496478
-0.00260939728
-0.0142077552
0.0168630797
-0.0047507328
0.00271822652
0.0616514273
0.000509504811
-0.018781811
-0.000125218445
0.0041120518
-0.484488368
-0.0113566807
-0.014464112
0.0349566378
-0.00850084983
-0.00315032364
0.0205550585
0.0288411211
0.00436791824
0.00913255662
0.0241281185
-0.00419917377
0.0568077303
0.00672188634
0.0134045538
0.125880614
0.00670470949
0.0128276348
-0.014261229
-0.00823630672
-0.0437167361
-0.235339969
-0.00342096505
0.0216686465
-0.00551898079
-0.0365178213
0.0185535885
-0.0572703183
-0.00402893825
0.0118221184
0.0329154879
0.00864615757
0.0170524865
0.0127219539
0.0369618721
0.00884513929
0.0184572581
-0.0174436402
-0.00860883296
0.0087047061
-0.0400942713
-0.0142129278
0.000133764726
0.0035816452
0.00251606875
-0.0180864409
0.0357574858
0.0218858961
-0.0340447314
0.00711466093
-0.02569017
-0.00862459932
0.0250716489
-0.0104234302
0.00823392812
-0.00617006142
-0.0628885925
-0.00423309486
-0.00419055624
0.0168629009
-0.00676589832
-0.00502688531
0.0111812158
0.00286727864
0.0185087956
-0.0112119615
0.00298583275
0.0110079171
0.0119032674
0.0115637807
0.0150568746
0.0122059826
0.0152120767
0.00472708419
-0.0058792769
0.167537779
-0.00604470959
0.000765319332
-0.0105300276
-0.00601573754
-0.021823125
0.0168529488
-0.00393368304
-0.0126131317
-0.004568337
-0.0215465743
-0.00627074111
0.0225255545
0.0160207693
-0.00942933932
-0.0137177575
0.000152372362
-0.0294823181
0.0189954191
-0.0161846671
-0.000593061093
-0.00215785718
0.00761196529
-0.0189673919
0.00996063836
-0.00882339012
-0.00634974428
0.0167165175
0.000685973268
-0.00185832614
-0.0412340052
-0.0174530558
-0.0174146369
-0.0118348366
0.00427470915
0.00430811709
0.00643437402
0.03866335
-0.0452961177
-0.00594610535
0.00066660915
0.011527678
-0.0249167643
-0.0345640965
0.025026245
0.00567317335
-0.0280573554
-0.0147122564
-0.0113651715
-0.0082494095
-0.0591205359
0.00241454155
0.00366740976
0.0209928621
-0.0214653239
0.0321621709
-0.00165818434
0.0249027144
-0.00770695042
0.00657033222
-0.0360183045
-0.0157647319
0.0179139078
-0.125187263
0.00226988364
0.0194962658
-0.0185589716
0.0299911052
-0.00376275415
-0.0231868681
-0.00269662496
-0.00277498062
0.0289382022
0.00368473935
-0.0465128496
-0.0297578033
0.0113670789
0.00170338852
-0.0833979249
-0.0108649656
0.0294455066
-0.00829213113
-0.0426665992
-0.0160729829
-0.0162892696
0.0430185087
0.00992953219
0.0207125954
-0.00245540286
-0.00821535662
0.00317200786
0.0116851451
0.00315887271
0.0017919878
-0.000919624697
0.0074721789
0.00108881923
-0.00933464058
-0.00894181523
-0.00481305877
-0.00413284311
-0.22343193
0.00732393702
0.023088133
0.00509067345
-0.0180706475
-0.0216773581
0.00081482745
-0.0160550456
-0.00905206054
0.0268692821
0.00285884598
-0.00532934163
-0.00209545367
-0.0164427087
0.0100938305
-0.0129632605
-0.00809760485
0.00980365463
0.00148055283
-0.00330538279
-0.0210951772
0.00190967205
0.00270135049
0.00841426477
-0.0038069291
-0.00473539857
0.00184835936
-0.00991369039
0.0254474673
-0.0135627883
0.00806009676
0.0207298305
0.00570366904
0.0212131664
-0.028396301
0.00103464432
0.00445488421
-0.0229589343
-0.0152346706
0.00939512253
-0.00516304467
0.0144501375
-0.0258832239
0.00840881001
0.00714154216
0.0126128495
0.0133578964
-0.00129689823
0.0999919474
0.00611456763
0.00342210452
-0.0299452469
-0.0128225116
-0.0126347542
-0.0058757104
0.0120189302
0.00957619026
0.0196092483
0.000175464287
-0.00993036199
-0.0156773459
-0.0172233451
0.0204741862
0.0432007127
-0.0146533856
-0.0213784147
-0.00190757005
-0.0319425613
-0.0558209494
0.0281104017
-0.01886902
0.0185782649
0.000499397633
-0.00892763957
-0.00157071243
-0.0213155355
-0.0335297398
-0.0105789164
-0.00962408632
0.0137362303
-0.0285243597
-0.000976639218
0.0296211839
0.12594384
0.0904965699
0.00322760502
0.019119123
-0.0128640905
-0.00474857073
0.00381635642
0.0123979608
0.00853462145
0.0339773744
-0.0228633154
-0.00212101592
0.00899047405
0.0213403869
0.0163274631
-0.0118301967
-0.0064207986
0.0149889113
-0.0067212414
0.0260132402
0.0292659458
0.0167991295
-0.260457665
-0.00302064791
-0.0606869347
0.0333489627
-0.0365027077
0.0141021172
0.0280570481
-0.0338480771
0.0105630085
0.023455672
-0.0271670166
-0.0236847922
-0.0242099278
0.00561826909
-0.00836884789
-0.027188465
-0.00670685433
-0.000772137253
0.0306960233
-0.0127694793
-0.012900915
0.0032297885
0.00188511296
-0.0112685282
-0.0225248486
0.00675867498
0.000454819761
-0.00274064369
-0.0147167137
0.0130978897
0.053022597
-0.0157662556
-0.00244664936
-0.0013477985
0.0219186544
0.0337498374
0.0230631251
-0.0284533259
0.0127178421
0.0290837437
-0.00202295929
-0.00639078394
-0.0153676141
0.0163308904
0.0115445042
0.0425052159
-0.00907741487
0.00281417789
0.0255985148
-0.0123997293
0.00765642198
0.01966157
0.016374141
-0.0036849014
-0.0337866172
-0.0309079364
0.00159286661
-0.0105190165
0.0219206028
-0.00299300719
0.0151633555
0.0119197974
0.0349080153
0.0155989639
0.00141028606
-0.0226210039
-0.019272428
-0.00363517529
-0.0019707256
-0.000436022761
0.0213902164
0.0156473555
-0.0203519259
-0.0265772101
-0.0164331496
0.00852619391
0.00272761751
-0.0164671186
0.0309706107
0.0112056918
0.000768216734
0.0177221932
0.0373306759
0.0151857473
0.00310178078
-0.0254108459
0.0224752966
-0.00795847829
0.0204514544
-0.0279188827
0.00425691018
0.0157773569
-0.00515866745
-0.00099262537
-0.0182012245
-0.000330235489
-0.0171370152
0.0151400818
-0.012384912
0.0106215412
-0.00786582381
0.0168716218
0.00799666531
-0.0023205739
-0.00154022023
-0.0220382456
-0.00862598047
-0.0390560739
-0.000849784119
-0.0117359618
0.0130885029
-0.0024741923
0.029836867
0.00317216851
0.13068673
-0.0136638423
-0.018678356
0.00682589645
7.42626253e-06
-0.0274409559
-0.0259167776
-0.014599489
-0.0199182667
0.017392518
0.0284562595
-0.0205011778
-0.013837832
-0.00731999101
-0.0105108544
0.00797799602
0.0170477368
0.0305569172
-0.00209029601
0.0289325695
0.00441494538
0.00106622011
-0.00669702422
-0.0110960305
0.0199671257
0.0131391753
0.00276420871
-0.000966631575
0.00835261121
0.0121897096
-0.00894249883
-0.028314244
-0.0206347089
0.00936122052
0.00272717117
0.0155521762
0.00327646546
0.00791188609
-0.00232124608
0.0051366766
-0.0123645216
-0.0244328864
0.00112392113
0.00346799358
0.0273978598
-0.0026664508
-0.00796851702
0.00725174416
-0.021134967
0.0139760468
0.0262932554
-0.00616038591
-0.0281743277
0.0031501269
-0.0255843904
-0.0108521413
0.0144066876
0.0112515278
0.000537622313
0.0207327344
0.0208385158
0.000856907107
-0.0210806429
0.00400322396
0.0106236525
0.00129496586
-0.0124755986
0.0269157272
0.00240752916
0.0228605084
-0.000116896757
-0.0361274816
-0.00980190933
0.00780350156
-0.0057437229
0.0313495733
-0.017222086
0.0175160132
-0.0131752314
0.0198092163
0.0045811045
-0.0243461225
-0.00554639334
0.0333174467
0.00330069917
0.00868319906
0.00834646262
0.0264977198
-0.0197736118
0.00949066598
-0.0119124101
-0.000473236782
0.0129502947
0.0166201536
-0.015065019
0.0146312872
0.00406705914
0.0237702243
0.0217020158
0.00456994306
0.0282574054
-0.00415765774
-0.00821712147
-0.0188468825
0.00435400009
-0.0244751535
0.00220459513
-0.0111276396
0.0242733173
0.00544347335
-0.0165849309
-0.0124617433
0.0160678029
0.00323470985
-0.0167484842
0.0413978621
0.0272400323
0.00361011643
0.00518335728
-0.00283453125
0.00425080955
-0.0032388547
0.0164221469
-0.0291489959
-0.0161119681
-0.0158840828
-0.0298836641
0.0170212183
0.0179519095
0.00210652081
-0.00392105849
0.0106801456
-0.0205770433
0.0245698933
-0.00486923242
0.0169359762
0.0435188711
0.014223339
-0.00609068666
0.00821312703
-0.00890524127
-0.0294661894
0.0197309926
0.0088417707
-0.0108565418
-0.00445665466
-0.0223727133
0.0068499092
0.0190370101
0.116803743
-0.008184148
-0.0033392089
0.0140619799
0.010743944
-0.0275910869
-0.0193732772
-0.00898834784
0.00333779235
-0.00963493809
0.0630214959
-0.038716346
-0.0172327831
0.0749073699
0.0342766047
0.0302189421
-0.0485080145
0.00630435627
-0.0195396096
0.00544267707
-0.0149572659
0.0189088117
-0.0106892344
0.0212872792
0.0296780374
0.0081241671
-0.00195985707
-0.0146400211
-0.0189667773
-0.0114959236
-0.0132123856
-0.00728546595
-0.0196416453
-0.0125034777
0.0140148606
0.128684968
0.209658399
0.00519583607
0.0232610572
0.0166271869
-0.00290336064
0.0128460005
0.0114953034
0.0106343394
0.000580549648
-0.0351753607
0.0228424948
-0.020397801
0.00752442516
0.0232703686
0.0087574143
0.0217421763
-0.0165488273
0.0177204162
0.0150666581
0.0358732529
-0.0297029614
-0.0138196852
0.0197562762
-0.0172271878
-0.00489938911
-0.00930103753
0.047810182
0.0317305475
-0.00890935306
0.00993424095
0.00882942602
-0.0495658331
-0.001052354
-0.00546425488
0.0214188714
-0.00873874687
-0.0499544553
0.0311534759
-0.0147636514
-0.000715868664
0.010628623
-0.011502617
0.0109418314
-0.00174843404
0.0407211892
0.00479499996
0.0355263874
0.00617621047
0.00494298944
0.0169995502
-0.0135491034
-0.00626777345
0.0233461503
-0.0262837242
-0.0146785937
0.000893161807
-0.0111414362
-0.0178251788
-0.0220637657
-0.0161868129
-0.0199282523
-0.00870440248
-0.0260411855
-0.0191497114
-0.00135237328
0.0034163862
0.0291069839
0.00432835799
-0.00811069459
-0.00838177372
-0.0301475339
0.0114151305
0.00513874227
-0.0265363995
-0.0279916748
0.0405284762
-0.016747579
0.00542740617
-0.0187185612
0.0223835055
0.00530209858
0.0582137853
-0.0121593103
-0.0264774188
-0.00865333807
0.0152502311
-0.00836399663
0.0283044539
-0.0100769009
-0.00818482507
-0.0112900361
0.0242442396
-0.0118722068
0.00822335947
0.009306008
0.0233180095
-0.00257104519
0.00426053582
-0.00875896867
0.0103430534
0.0079657482
-0.0153663699
0.00739613734
0.00813767314
0.00946101453
0.0115328124
-0.0175991859
-0.0117774038
-0.000231007711
-0.0044590598
0.012263814
0.00278409617
-0.00402325578
-0.0045038485
-0.00439003995
0.00245021773
-0.00317550031
-0.0375742875
-0.0150252869
-0.00247615669
-0.019595189
0.00277431426
-0.00415758183
0.00811431091
-0.00172174769
0.022180045
-0.0146097308
0.0180834942
0.0134684248
0.00381575339
0.00491419761
0.0181951299
-0.00770054245
-0.00962223019
0.0187177639
-0.0147465747
-0.00866232254
-0.00571042998
0.0161797926
-0.0057252124
-0.00292862207
-0.0196243487
-0.0122306263
0.0263774488
-0.0327110477
-0.0129000163
-0.0139583517
0.00805620383
0.01042818
0.00902715046
-0.00719693676
-0.000295238977
0.00591837894
0.0049760663
0.0122022107
-0.00382107915
-0.0286910925
0.000666513632
-0.0350947566
0.0177870188
-0.0241687391
0.0078026182
0.0309587587
-0.00792348944
-0.000527568627
-0.0157439392
-0.0312635414
-0.0330229253
-0.00616295543
-0.010232063
0.018579552
0.0111802462
-0.0327808112
0.0123135913
-0.00387741043
-0.011941595
0.00415352359
0.0225733332
0.0176817384
-0.00408850377
-0.00908704754
-0.0318586677
0.0099592451
0.0158671401
0.0248425156
0.00313755963
0.0126431128
-0.0149951745
-0.00347865815
-0.0043973811
0.00120730617
-0.00866548158
-0.0394760147
-0.00982003566
0.00184445048
-0.00408786722
0.0128152305
0.0139544159
-0.0689643621
0.0279621072
-0.00743061397
0.0413702466
0.00710713957
0.0164718982
0.00938194431
-0.0215080678
-0.0108509716
0.0189417992
0.00801429618
-0.0292446166
-0.0156330671
0.0181086529
-0.0200788658
0.0255404022
0.00400756393
-0.0113215502
-0.0228203628
0.0614146143
-0.00485159969
-0.0053821113
0.0245357584
-0.00907180086
-0.00861542299
0.00802630372
-0.0356563367
-0.0238565803
-0.0203338955
0.0206410568
-0.0083902441
0.00864837412
-0.0193459075
-0.00659138057
0.00997521169
-0.00957549643
0.00426947046
-0.00687286118
0.23398678
0.00236999709
-0.0140081448
-0.0224365946
0.000479366921
0.0117001794
-0.0173005499
0.0192188509
-0.012249615
-0.0369456112
0.00128477439
0.0207819771
0.0404658318
0.00254638307
-0.0271473005
-0.0256866794
0.0133436127
-0.00647888379
0.00486239884
-0.0246626493
-0.0155743947
0.00970759615
-0.00690391753
-0.00663070986
0.0173124354
-0.0213532988
-0.00893146545
-0.0108155683
0.0105051287
-0.0224617571
0.0177383702
0.00393841136
0.0357910208
-0.00142885884
-0.0409354158
0.0262559224
-0.00415358646
0.00906222034
0.0017964578
-0.0307275113
0.0247942396
-0.00979662035
0.012857154
-0.0307967607
-0.00724659348
0.0101187378
0.00532975886
0.0343317986
-0.0406726897
0.0177320819
