-0.0
0.129150390625
-0.07879638671875
0.12158203125
-0.031585693359375
0.03192138671875
-0.109954833984375
-0.053131103515625
-0.0
0.03497314453125
0.1340484619140625
-0.054962158203125
-0.089447021484375
-0.14630126953125
0.0216064453125
-0.158233642578125
0.04998779296875
-0.06475830078125
0.107177734375
0.10931396484375
0.116455078125
-0.0
-0.0225982666015625
-0.1065673828125
0.0804443359375
-0.043365478515625
-0.022064208984375
-0.067108154296875
0.0
0.16790771484375
0.170135498046875
-0.030120849609375
