-0.0042386846616864204
0.010223465971648693
0.021303219720721245
-0.009181661531329155
0.04148678854107857
-0.025721896439790726
-0.025346573442220688
-0.03783538565039635
-0.04096001386642456
0.011863559484481812
-0.056249912828207016
-0.011059313081204891
0.025269009172916412
0.018107738345861435
0.010763795115053654
0.022107109427452087
0.0048449840396642685
-0.058130230754613876
-0.029174111783504486
-0.0017643833998590708
-0.024733353406190872
0.0019204046111553907
-0.01069278921931982
0.02542552351951599
0.025308972224593163
-0.02168204076588154
-0.040525924414396286
-0.018370676785707474
-0.0061167096719145775
0.021722815930843353
-0.006945274770259857
0.03135346621274948
-0.02197233960032463
0.02881111204624176
0.043255764991045
0.006605083122849464
-0.04781428351998329
-0.04766542837023735
-0.026510152965784073
0.0040061878971755505
0.012109143659472466
0.012412722222507
-0.019888129085302353
0.05015142634510994
-0.019498201087117195
0.010561327449977398
-0.009006322361528873
-0.01472292747348547
0.02123761922121048
0.026462258771061897
-0.0405278280377388
-0.018954504281282425
0.020658932626247406
0.010636618360877037
0.05380644276738167
0.031123977154493332
0.019312921911478043
-0.029052244499325752
-0.01628168672323227
0.008646928705275059
0.06914351880550385
-0.02295946516096592
-0.034217316657304764
0.027489211410284042
-0.005017971619963646
-0.02521141804754734
0.011422550305724144
0.021621255204081535
-0.02493467554450035
0.023123204708099365
0.006222603842616081
0.03284343332052231
-0.008298047818243504
0.010840272530913353
0.03341269493103027
-0.03541332110762596
0.01151493564248085
0.015487529337406158
0.07816706597805023
0.03704993799328804
-0.007520570885390043
-0.001992245204746723
-0.010968046262860298
-0.030838295817375183
0.031147100031375885
-0.057197898626327515
-0.010261910036206245
0.11648242920637131
-0.004552885424345732
-0.01613999716937542
-0.0030282470397651196
0.056203413754701614
-0.011407563462853432
0.002628948539495468
-0.010648194700479507
0.03230727091431618
0.01888159103691578
0.01424114964902401
0.05165502056479454
-0.032543398439884186
-0.01834854669868946
-0.03187769651412964
-0.0028191520832479
-0.01570729911327362
0.006635642144829035
0.014600901864469051
-0.03549490123987198
0.01727478951215744
-0.021766439080238342
0.003709143493324518
-0.05087629333138466
0.03109731525182724
-0.005278330761939287
0.015000899322330952
0.01236816681921482
-0.011702053248882294
-0.009375056251883507
-0.0068002911284565926
-0.04507692530751228
0.004297974519431591
-0.04830187186598778
0.0167223010212183
-0.01440465822815895
-0.0013418445596471429
-0.027744172140955925
0.031245792284607887
-0.03531673178076744
0.018501760438084602
0.0035037784837186337
-0.00017635751282796264
-0.02629357948899269
-0.021516572684049606
-0.03111172839999199
-0.018402446061372757
-0.028659680858254433
-0.022856229916214943
0.04859313741326332
-0.012027912773191929
0.022569304332137108
0.04138638824224472
-0.01842516101896763
0.00929393619298935
0.007822788320481777
0.013052701018750668
0.041365113109350204
0.02572510577738285
0.013622445054352283
0.022632036358118057
0.048863496631383896
-0.0158984512090683
0.034020137041807175
0.0002753306762315333
-0.014269746840000153
0.012524541467428207
-0.018880736082792282
-0.06795121729373932
0.028527958318591118
0.028891537338495255
0.015104318037629128
-0.029513679444789886
-0.002256163163110614
0.08726070821285248
3.7320520877838135
0.00832338072359562
0.014704621396958828
0.001921741059049964
-0.00491621159017086
-0.03680364787578583
-0.030676186084747314
0.063603974878788
0.021316926926374435
-0.014312073588371277
-0.04141445830464363
0.0009529366507194936
-0.04432011395692825
0.002494320273399353
0.06899798661470413
0.037206538021564484
-0.04128340259194374
-0.004091695882380009
-0.02705204300582409
-0.041930098086595535
0.021442696452140808
-0.0035758737940341234
0.01610695570707321
-0.0031772349029779434
-0.028182828798890114
0.03915146738290787
0.01633022353053093
-0.017298229038715363
-0.013339388184249401
-0.050666868686676025
-0.03329826146364212
-0.004284427501261234
0.07174526900053024
-0.02174541726708412
0.06278108060359955
0.004451248329132795
0.035380490124225616
-0.013485077768564224
-0.00015984210767783225
0.03247058391571045
0.04645593836903572
0.029813626781105995
0.01972261257469654
-0.00998404249548912
-0.04406247287988663
0.008308770135045052
-0.02099190652370453
-0.029096009209752083
0.032805997878313065
-0.02528087981045246
0.055887769907712936
-0.01531557459384203
0.032947029918432236
-0.03847941383719444
-0.00152420939411968
-0.03190740942955017
-0.04018029943108559
0.027301445603370667
0.017581816762685776
-0.04467393457889557
0.02724137343466282
-0.017593443393707275
-0.04328127205371857
-0.022988934069871902
0.025103231891989708
0.005091005936264992
0.03511529788374901
-0.03736460953950882
-0.022466463968157768
0.03251836448907852
0.009628069587051868
0.04702797904610634
0.0277871023863554
0.05815524607896805
0.02604180946946144
0.03749988600611687
-0.013661878183484077
0.01567770540714264
0.05786549299955368
0.02269435115158558
0.03420855477452278
-0.01168993953615427
-0.028124431148171425
0.016409657895565033
0.00010603661939967424
0.013101663440465927
0.013231035321950912
0.053099699318408966
-0.05688580125570297
-0.00547738978639245
-0.0183881688863039
-0.005405582021921873
0.04720565304160118
-0.008491898886859417
-0.006299018394201994
-0.02688746526837349
-0.013672000728547573
0.028903521597385406
-0.06529799848794937
-0.03340517356991768
0.007701658643782139
-0.022804582491517067
-0.05314628407359123
0.002580482978373766
0.030095944181084633
-0.029079822823405266
0.04548752307891846
-0.024363817647099495
0.038039591163396835
0.023760942742228508
0.013402764685451984
0.0393076166510582
0.015249108895659447
-0.05681758373975754
0.011845781467854977
-0.031755391508340836
-0.006228521466255188
-0.009375534951686859
0.013460593298077583
0.0072154514491558075
-0.011185633018612862
0.012460596859455109
0.0009881436126306653
0.01624404266476631
-0.002406589686870575
0.032258644700050354
0.010885256342589855
-0.04358220845460892
-0.015152471140027046
0.03391844406723976
-0.006661948282271624
-0.06958400458097458
-0.042029231786727905
0.029266100376844406
0.016216810792684555
0.013683823868632317
0.03093409352004528
0.18539118766784668
0.00478967372328043
-0.03243383392691612
0.0350407250225544
0.023312829434871674
0.00024392272462137043
-0.012317197397351265
-0.025764822959899902
0.04120882600545883
0.012572260573506355
-0.025043906643986702
0.011402033269405365
-0.03235550597310066
-0.04569147154688835
-0.006465632934123278
0.02575497515499592
-0.03942343220114708
0.037127815186977386
0.02053030952811241
-0.005527209956198931
0.0053380634635686874
0.00661876006051898
-0.0152808278799057
0.03121216408908367
0.01761661469936371
-0.01707734540104866
-0.007108117453753948
-0.025351107120513916
-0.003022135002538562
7.370814273599535e-06
0.04244857653975487
0.0018240769859403372
-0.013160965405404568
0.003173073986545205
0.05930608883500099
-0.03194732591509819
0.02502918615937233
-0.03630753606557846
-0.006040829233825207
-0.01424176525324583
0.03806772455573082
0.029607018455863
-0.011432504281401634
-0.01902538724243641
-0.0681612566113472
0.05840082839131355
0.005678483285009861
0.03795960918068886
-0.0011872354662045836
-0.03216971829533577
-0.022218601778149605
-0.002272933954373002
-0.0795154944062233
-0.013783934526145458
0.03622710704803467
-0.011021035723388195
-0.02071666717529297
-0.031530942767858505
0.0016888350946828723
-0.034414347261190414
0.0761781856417656
-0.024555105715990067
0.05128302052617073
-0.061342913657426834
-0.028632482513785362
0.02237057499587536
0.012725666165351868
-0.008778481744229794
-0.01566052809357643
0.011420725844800472
0.00289937830530107
0.0010485625825822353
0.02853662334382534
-0.030028406530618668
-0.043873343616724014
0.0750802755355835
-0.03539334610104561
0.05423751845955849
-0.007206123322248459
-0.01725575514137745
-0.012484148144721985
-0.013435093685984612
0.039043985307216644
-0.00643268832936883
0.03238553926348686
-0.05229921638965607
-0.020079730078577995
0.041382722556591034
-0.003575417911633849
-0.025545764714479446
0.021885933354496956
0.04404349997639656
-0.05479191988706589
0.021439576521515846
0.020096322521567345
0.037130482494831085
0.023388272151350975
0.003858067560940981
-0.04935917258262634
0.01315372996032238
-0.0005856883944943547
-0.016255874186754227
0.020491745322942734
0.01583462953567505
-0.016629835590720177
-0.017052672803401947
-0.05464981123805046
-0.02803037129342556
0.011280540376901627
-0.03476399928331375
0.022474544122815132
-0.01856769248843193
-0.01069979090243578
0.03516613319516182
0.03578030318021774
-0.0074733952060341835
-0.026118136942386627
-0.022141702473163605
-0.020354822278022766
0.005683809518814087
0.03077840991318226
-0.005586707033216953
0.018571360036730766
-0.0450311042368412
-0.008108692243695259
0.005306363571435213
0.07743003964424133
0.0208577923476696
-0.007574152201414108
0.018453385680913925
0.03316661715507507
0.02369772456586361
-0.07174213975667953
-0.011990384198725224
0.037066686898469925
0.000483516399981454
-0.0019359922735020518
0.02919471077620983
0.06819897890090942
-0.024996910244226456
-0.04872271418571472
-0.05216243863105774
-0.05056627839803696
-0.022451864555478096
-0.021073339506983757
0.06322602182626724
-0.03484238684177399
-0.04340953379869461
-0.04271050542593002
-0.08078020066022873
0.018610987812280655
0.012636858969926834
-0.013193781487643719
0.05292896181344986
0.013391999527812004
-0.021037185564637184
-0.006781905423849821
0.016105256974697113
-0.03879339620471001
0.007528519257903099
-0.00790497288107872
0.008030734024941921
0.05520264059305191
0.018451610580086708
0.01082694623619318
0.022879255935549736
-0.009910592809319496
-0.02236674167215824
-0.0015935476403683424
0.011947505176067352
0.013393428176641464
-0.02017935924232006
-0.03260468691587448
0.02393082156777382
-0.0455009825527668
-0.019513126462697983
0.02122906595468521
-0.03785974159836769
-0.000812784768640995
-0.02298003062605858
-0.009034961462020874
-0.017967650666832924
-0.03599845618009567
0.005738062784075737
0.030954323709011078
0.01682586781680584
0.04538092389702797
0.040867239236831665
0.013394191861152649
0.01394659373909235
0.003142760833725333
-0.02264777198433876
-0.003074386389926076
-0.02060057409107685
-0.015307973138988018
0.002793113235384226
-0.026484671980142593
0.04696698486804962
0.016174033284187317
0.04803679510951042
0.1572081595659256
-0.07642936706542969
0.00238540256395936
-0.041614897549152374
-0.0014486811123788357
-0.028270360082387924
0.018578816205263138
0.002858396852388978
0.04421322047710419
0.03572634235024452
-0.01634420081973076
-0.0003327163867652416
0.010531669482588768
-0.03929318115115166
-0.027220075950026512
-0.04015136882662773
0.012156953103840351
-0.014996015466749668
0.038443684577941895
-0.007193405646830797
0.029560167342424393
0.034047529101371765
0.0024864475708454847
0.028289761394262314
0.0007665425655432045
0.05558042973279953
-0.020707890391349792
-0.005730250384658575
0.03971536085009575
-0.03524160757660866
-0.0028084483928978443
-0.056338120251894
-0.0074201892130076885
0.02494702860713005
0.013611836358904839
0.03258315473794937
-0.06284281611442566
0.02578822337090969
0.050230853259563446
0.014835525304079056
-0.0022941536735743284
0.013617913238704205
-0.023031460121273994
-0.008549879305064678
-0.011139967478811741
0.24374598264694214
0.0006684755207970738
-0.011061497032642365
0.07263094186782837
-0.02909623645246029
0.060912806540727615
-0.027281001210212708
-0.01598651520907879
0.005065731704235077
0.005222177132964134
0.004071389324963093
-0.007862675935029984
-0.029408488422632217
0.04479842633008957
-0.04486865550279617
0.004912122618407011
0.023881802335381508
-0.04286591336131096
0.01703113131225109
-0.03496631234884262
0.027389373630285263
-0.015417160466313362
0.04473341628909111
0.014758962206542492
-0.011347981169819832
-0.021081190556287766
-0.0032471963204443455
-0.00607644347473979
0.021371303126215935
-0.003743134904652834
-0.023109277710318565
-0.002262135734781623
-0.004216309171169996
-0.02381148375570774
-0.0603223480284214
0.013345712795853615
-0.045729830861091614
-0.023057416081428528
-0.04987824335694313
0.005415754858404398
-0.030597714707255363
-0.0045594824478030205
-0.005577509291470051
-0.05416453629732132
0.007339604198932648
-0.0103447325527668
-0.0015065268380567431
-0.008704939857125282
-0.030771702527999878
-0.00468603428453207
0.011850187554955482
-0.06509686261415482
0.0016669370234012604
-0.006111363880336285
-0.002789062447845936
-0.030195921659469604
0.051539432257413864
-0.06555350124835968
-0.04790045693516731
-0.018514348194003105
0.022002577781677246
-0.02602436952292919
0.016115253791213036
0.007679808884859085
-0.004429441876709461
-0.0006619738414883614
-0.028092075139284134
0.02690061740577221
0.013813355937600136
-0.07293239235877991
0.04040202870965004
0.030201327055692673
-0.03319646418094635
0.010401275008916855
0.041670139878988266
0.038486842066049576
-0.022786689922213554
0.009214931167662144
-0.0017479929374530911
0.021660402417182922
0.012688260525465012
-0.027540337294340134
-0.02285866253077984
-0.037008341401815414
-0.03199443593621254
-0.05159812420606613
-0.0013300079153850675
0.021763596683740616
0.04543708264827728
-0.013538641855120659
-0.0016819084994494915
-0.014459898695349693
-0.02470243349671364
0.0058343601413071156
0.018944062292575836
0.011282099410891533
-0.0672115758061409
-0.0069878436625003815
0.017665527760982513
0.021113505586981773
-0.0032631871290504932
-0.0011045634746551514
-0.016819527372717857
0.018970176577568054
0.0234125554561615
-0.0032632616348564625
-0.02220102958381176
0.010302538983523846
-0.017319023609161377
-0.017046412453055382
-0.01640927605330944
0.03340233117341995
-0.046655189245939255
-0.036888256669044495
0.004600167274475098
-0.0644826889038086
-0.027978751808404922
-0.0054435450583696365
0.036967139691114426
0.05413263663649559
0.003283202648162842
0.012888058088719845
0.009986244142055511
-0.015585187822580338
-0.023728545755147934
-0.0682012289762497
-0.009163754992187023
-0.021137507632374763
-0.02198157273232937
-0.049192771315574646
0.050656892359256744
-0.052588582038879395
-0.03018692322075367
0.014366316609084606
-0.03713188320398331
-0.05056706815958023
-0.02025929093360901
0.0029630481731146574
-0.039709556847810745
0.01824513077735901
-0.06273872405290604
-0.01880628615617752
0.04342883080244064
-0.009558575227856636
-0.04016335308551788
-0.03697437420487404
0.03993815556168556
-0.008035569451749325
-0.008742562495172024
0.00283078127540648
-0.003447984578087926
0.009413559921085835
-0.003225883236154914
-0.025181524455547333
0.06150716915726662
0.004365615081042051
0.0029091425240039825
0.055867306888103485
0.0025560499634593725
0.01922527514398098
-0.05141853541135788
0.021940195932984352
-0.033348601311445236
-0.02346358262002468
-0.011058290489017963
-0.011096934787929058
0.09002453088760376
0.028481531888246536
-0.019531065598130226
0.014002291485667229
-0.02148975431919098
0.0027960229199379683
0.016517795622348785
-0.007248335052281618
0.031682826578617096
0.04249180853366852
0.024004463106393814
-0.04405653849244118
-0.05817350745201111
0.08048128336668015
0.010304518043994904
0.008534611202776432
0.012992899864912033
0.019925156608223915
-0.012024781666696072
0.02714274451136589
-0.056198712438344955
-0.012607230804860592
-0.01348707266151905
0.06059776619076729
0.02336905337870121
-0.11403335630893707
0.0300535187125206
0.007234028074890375
0.05654558166861534
-0.02020740509033203
-0.015553520061075687
-0.021041059866547585
0.030058689415454865
-0.006697942037135363
0.001660404959693551
0.011039607226848602
0.032557979226112366
-0.013279538601636887
0.019660530611872673
0.034484438598155975
0.049634143710136414
0.0014512927737087011
0.0050513893365859985
0.01616854779422283
-0.01817638985812664
0.04648277908563614
0.0038558533415198326
-0.02456877939403057
0.046451278030872345
-0.0315275713801384
0.027701811864972115
0.030273448675870895
0.014307563193142414
0.003947343677282333
0.01641184836626053
-0.005812093615531921
-0.04646642878651619
-0.0744704008102417
-0.012875530868768692
0.018681608140468597
-0.012090489268302917
0.020481711253523827
-0.015597720630466938
-0.05030682682991028
0.009959244169294834
-0.0188130009919405
0.0054518477991223335
-0.02758554369211197
-0.021676231175661087
0.03096446767449379
0.012440023012459278
-0.02626907266676426
0.028175419196486473
0.016932979226112366
0.050995420664548874
-0.029099199920892715
-0.05118066444993019
0.01544589176774025
0.040725816041231155
0.014902388677001
-0.008405257947742939
0.07180586457252502
-0.011984394863247871
-0.04174855723977089
0.022851858288049698
-0.029508385807275772
0.01995302550494671
-0.04580968990921974
-0.02090107835829258
-0.06726907193660736
-0.03196890652179718
-0.05698906257748604
-0.020723311230540276
-0.02075427956879139
-0.04111205413937569
-0.03603319823741913
0.015173090621829033
0.019012901932001114
0.04097503051161766
-0.00997543428093195
-0.020691847428679466
-0.012208298780024052
-0.01631258800625801
0.011653543449938297
0.010596537962555885
-0.006560861133038998
-0.015227190218865871
-0.024489423260092735
0.08743779361248016
0.04471972957253456
-0.020179687067866325
-0.0014276141300797462
-0.011306995525956154
0.00303926644846797
0.028247730806469917
0.014246517792344093
-0.04521316662430763
-0.07338708639144897
0.050751954317092896
0.02966155670583248
0.010020982474088669
0.01011804398149252
0.024211890995502472
0.03296760842204094
0.010616486892104149
-0.01985015533864498
-0.023307370021939278
-0.008032596670091152
0.02868451550602913
-0.01218996662646532
-0.0006287100841291249
0.010521285235881805
0.036822009831666946
0.013972285203635693
0.011779753491282463
-0.03170796111226082
0.044648054987192154
0.03664952144026756
-0.009715239517390728
-0.0036716721951961517
-0.014878804795444012
0.005304251331835985
-0.061652544885873795
-0.02758891135454178
-0.05490987002849579
-0.04441756010055542
-0.0022741053253412247
0.07583434134721756
-0.04031969979405403
0.0974617451429367
-0.004146246705204248
-0.007946685887873173
0.015832988545298576
-0.006101836916059256
-0.059921037405729294
-0.006169074214994907
-0.0187552347779274
0.02101181633770466
-0.03398286923766136
0.0035652390215545893
0.013831401243805885
-0.013259940780699253
-0.018540920689702034
-0.013597352430224419
-0.0356132946908474
0.03633267059922218
-0.012467081658542156
0.0035044820979237556
0.024126678705215454
-0.0034321669954806566
-0.017480436712503433
0.02348075993359089
0.02139471098780632
0.013751493766903877
0.007845532149076462
0.02131054550409317
0.021078912541270256
0.02557733841240406
0.00592814153060317
-0.015144627541303635
-0.01327554788440466
0.010330654680728912
-0.023189546540379524
-0.014520835131406784
0.0029281729366630316
-0.05675826966762543
-0.02829023078083992
-0.026641953736543655
-0.0014481550315394998
0.0017239426961168647
-0.027299925684928894
0.0020422821398824453
0.02539953775703907
-0.023437457159161568
-0.010300295427441597
0.007782083936035633
0.0002849799348041415
-0.025256287306547165
-0.014590206556022167
0.015311332419514656
-0.011663015000522137
0.07298775762319565
0.20942048728466034
0.02914031222462654
0.016436534002423286
-0.01950748637318611
0.0221040528267622
0.012010048143565655
-0.0282419566065073
-0.007492811419069767
0.016765866428613663
-0.003923280630260706
-0.009138204157352448
0.022239312529563904
0.010740140452980995
0.011218119412660599
0.00924672745168209
-0.05363912507891655
-0.00861370749771595
0.03559928014874458
-0.01014409027993679
-0.02259841561317444
-0.0007868434768170118
-0.015404826030135155
0.051266126334667206
0.011147054843604565
0.014690017327666283
0.015468060038983822
-0.003926019184291363
0.006189153995364904
0.015314613468945026
-0.014246886596083641
0.009537742473185062
-0.033946167677640915
0.01617615669965744
-0.007861385121941566
0.01882716827094555
0.0066835517063736916
0.007375297602266073
-0.009741956368088722
0.007621320895850658
0.0027031064964830875
-0.017395226284861565
-0.03128088265657425
0.01680007204413414
0.018677236512303352
-0.03336571902036667
-0.0051668002270162106
0.014870185405015945
-0.022096827626228333
