-0.05424598976969719
-0.0423019602894783
0.06487243622541428
-0.004180119838565588
-0.0934382751584053
0.08423308283090591
0.06777792423963547
-0.04894541949033737
0.028005041182041168
-0.015763649716973305
-0.07470211386680603
-0.06513548642396927
-0.004770226310938597
-0.03223444148898125
0.09056884795427322
0.050965022295713425
0.013815932907164097
-0.10719417780637741
-0.02628730982542038
0.04921594262123108
-0.04310847073793411
-0.04679849371314049
0.0026770501863211393
0.08767233043909073
-0.08991296589374542
0.04539079964160919
0.0030837825033813715
0.08735296130180359
0.043895456939935684
0.10738269239664078
-0.048152726143598557
-0.071974977850914
0.11150969564914703
0.03699808940291405
0.042658425867557526
-0.020151635631918907
0.02019251324236393
0.09261038899421692
0.03344043716788292
-0.09176135063171387
0.05199802666902542
-0.014727136120200157
0.09095001220703125
0.03380708396434784
-0.06586994230747223
-0.03868182748556137
-0.022110730409622192
-0.06076682358980179
-0.016175972297787666
-0.0017682274337857962
-0.04103414714336395
-0.07189428806304932
-0.03325118497014046
-0.028772134333848953
0.028984328731894493
0.03284314274787903
0.03807137906551361
0.04724784567952156
0.024388303980231285
0.053420308977365494
0.02585442177951336
-0.1502506583929062
-0.05134444683790207
0.06397587060928345
-0.08599701523780823
0.02642231434583664
-0.049355439841747284
0.10829579085111618
0.03516757860779762
0.027794545516371727
0.05856992304325104
0.01465775165706873
0.008642210625112057
-0.017333192750811577
-0.02090553566813469
0.0045807091519236565
0.030561843886971474
0.03197431191802025
0.14034374058246613
0.08484094589948654
-0.0664324015378952
0.04532401263713837
-0.010583623312413692
-0.00037488993257284164
0.0005558212287724018
-0.05360022932291031
-0.015944045037031174
0.021621614694595337
-0.07043718546628952
0.02289268746972084
-0.008628586307168007
-0.05691095069050789
-0.07269692420959473
-0.022414185106754303
0.041708335280418396
0.031766995787620544
0.051943905651569366
-0.03949417173862457
-0.05400096997618675
0.005337477661669254
-0.0031834417022764683
-0.01597686856985092
-0.026304418221116066
0.06700579077005386
-0.10512473434209824
0.07729172706604004
-0.03674919530749321
-0.0002168778155464679
0.04552339389920235
-0.0037792373914271593
0.06267248094081879
0.13341936469078064
0.023080315440893173
0.061779096722602844
-0.006660263054072857
0.09925380349159241
0.09300065040588379
-0.007691898383200169
-0.030193189159035683
-0.01487599778920412
-0.012264848686754704
-0.03786345198750496
-4.295826147426851e-05
0.09539617598056793
0.007647759281098843
0.010988862253725529
0.03626680374145508
-0.03694915771484375
-0.05461087077856064
0.022310886532068253
-0.10709771513938904
0.052142612636089325
0.03279120847582817
0.024990782141685486
-0.03183649852871895
-0.020762015134096146
0.01692277193069458
0.018460983410477638
-0.007031814195215702
-0.009512334130704403
-0.10519243031740189
0.036117736250162125
0.08802282810211182
0.01031246967613697
-0.017370490357279778
0.008516979403793812
-0.042386043816804886
0.05747443810105324
-0.049895841628313065
-0.03010043315589428
0.020266378298401833
-0.05556377395987511
0.03846404701471329
0.07619421184062958
-0.07516999542713165
0.08215013146400452
-0.02119974046945572
-0.0315229706466198
0.01823268085718155
0.04309886693954468
-0.08148058503866196
0.10663458704948425
1.1180131435394287
0.036011941730976105
-0.04582589864730835
-0.029484495520591736
-0.04146786034107208
-0.058174144476652145
0.016002889722585678
-0.04008132219314575
0.019054323434829712
0.05328652262687683
-0.056697193533182144
0.04714175686240196
-0.08259250968694687
0.026930665597319603
0.01741204410791397
0.00869112741202116
-0.020784147083759308
-0.02634086087346077
-0.04411851987242699
-0.028115758672356606
0.04959965869784355
-0.03395147621631622
-0.06241895258426666
0.04685846343636513
0.029148545116186142
0.010221453383564949
0.021096406504511833
-0.013714569620788097
0.030660904943943024
-0.05853071063756943
-0.025774093344807625
-0.06385527551174164
-0.06887589395046234
0.04945004731416702
0.11324439942836761
-0.012111435644328594
0.023741530254483223
-0.021236788481473923
-0.015781154856085777
-0.11320826411247253
0.026869162917137146
0.0004036414611618966
-0.03704970329999924
-0.051708560436964035
-0.030453413724899292
0.04699820652604103
-0.02752813696861267
-0.0836745947599411
-0.00832386128604412
0.020880017429590225
0.044614385813474655
0.014168712310492992
0.09736966341733932
0.04934465512633324
0.044523872435092926
-0.05301756411790848
-0.22993417084217072
-0.12367677688598633
-0.013404577039182186
-0.08636801689863205
0.07393820583820343
-0.028286917135119438
-0.06638398766517639
0.02680208906531334
0.10186238586902618
0.02593330852687359
-0.05038769915699959
0.026751084253191948
-0.0075265211053192616
-0.060138605535030365
-0.040536608546972275
0.05470547080039978
-0.02617463283240795
-0.026218656450510025
0.08354759961366653
-0.038589995354413986
0.04530607908964157
0.07616900652647018
-0.04942720755934715
-0.02372731827199459
0.016550250351428986
-0.02570500783622265
-0.034374743700027466
-0.010029377415776253
-0.02366899698972702
-7.235996599774808e-05
0.044538650661706924
0.070015087723732
-0.05280490964651108
-0.01893872395157814
-0.012642034329473972
0.07047706842422485
0.012744762003421783
0.0525808148086071
-0.012192425318062305
-0.038611847907304764
-0.049286969006061554
0.00744871748611331
-0.07916316390037537
-0.09331408143043518
0.005088042467832565
-0.047910407185554504
-0.10340602695941925
-0.10861576348543167
0.07142488658428192
-0.03725042566657066
-0.02341967634856701
0.03318600356578827
0.106541208922863
0.04363140091300011
0.07019094377756119
-0.007440523710101843
0.10365830361843109
0.04657907783985138
0.05672070384025574
-0.03505392000079155
-0.01667969487607479
0.07743482291698456
-0.018672607839107513
0.03583042696118355
-0.0131758451461792
0.0180166345089674
-0.04126066714525223
-0.062461789697408676
-0.026841789484024048
0.0761505514383316
0.03604039549827576
0.01717463880777359
0.046365100890398026
0.05876623094081879
-0.09048080444335938
0.01045122742652893
-0.0026538390666246414
0.019984494894742966
-0.024456484243273735
0.0035411205608397722
0.022105075418949127
-0.029625574126839638
-0.056800417602062225
-0.049772027879953384
0.04840947315096855
0.035197675228118896
0.03818488493561745
-0.04962413012981415
-0.037151265889406204
0.14184586703777313
0.10239317268133163
0.051437150686979294
-0.05476643145084381
0.01848752610385418
-0.022229136899113655
-0.036991097033023834
0.05057411268353462
0.05884590744972229
-0.07771220803260803
0.08317630738019943
0.07795020937919617
0.054322030395269394
-0.0821893960237503
-0.0038553045596927404
0.03695160150527954
0.02529708854854107
0.028607677668333054
0.021745877340435982
0.04680909961462021
-0.043538883328437805
0.013709424063563347
0.020252451300621033
0.046042975038290024
-0.0017601115396246314
-0.056887250393629074
-0.01337092649191618
-0.037254344671964645
-0.05862744152545929
-0.029388489201664925
0.0062934597954154015
0.1054617315530777
0.016392603516578674
-0.05726269632577896
-0.009221188724040985
-0.001882451819255948
0.011877971701323986
-0.07516393065452576
0.049599241465330124
-0.03734172135591507
0.16214098036289215
-0.12366200238466263
-0.03878191113471985
0.05569786950945854
-0.048322562128305435
-0.022171061486005783
-0.04447523504495621
0.014389045536518097
-0.11669984459877014
-0.02230290323495865
0.011022612452507019
0.0815247893333435
0.05305129662156105
-0.03113451972603798
-0.0136575261130929
-0.435602605342865
-0.0027384937275201082
0.0020821657963097095
-0.05508730188012123
-0.006996634416282177
-0.003061862662434578
-0.020404236391186714
0.045334380120038986
0.00810400489717722
-0.09139303117990494
-0.013742503710091114
-0.0038589700125157833
-0.001929510268382728
0.004607787821441889
-0.03357570245862007
0.007229100912809372
0.018627092242240906
-0.0319979302585125
-0.052310761064291
-0.003730847965925932
0.045813050121068954
0.14137819409370422
-0.02579095959663391
0.09654063731431961
0.06986295431852341
-0.02033904753625393
-0.09946932643651962
-0.0024505348410457373
0.06603629887104034
-0.04287145286798477
0.06070492044091225
0.09872106462717056
-0.06221865117549896
0.05550825223326683
-0.01029552798718214
0.01645352505147457
-0.0421561673283577
0.0049892812967300415
0.0004566593561321497
0.008986684493720531
0.011482900008559227
0.009240002371370792
0.02334289439022541
0.022827746346592903
0.08448110520839691
-0.07979823648929596
0.011038970202207565
-0.0290470402687788
0.07482099533081055
-0.006682141218334436
0.026501620188355446
0.04131513833999634
0.07173426449298859
0.11292167007923126
-0.06614316999912262
0.017494937404990196
-0.05043897405266762
-0.029247207567095757
-0.0023338000755757093
-0.06568541377782822
0.005859936587512493
-0.09089340269565582
0.010359687730669975
0.09554574638605118
0.006046069320291281
-0.06202254444360733
-0.047013696283102036
0.04241568222641945
-0.06140163168311119
-0.05985180661082268
-0.05053063482046127
-0.048207029700279236
-0.024574611335992813
-0.03298650681972504
0.04244117811322212
0.05636346712708473
0.0010335033293813467
-0.012248093262314796
-0.08304404467344284
-0.0632636696100235
-0.11211556941270828
-0.019501738250255585
-0.030419502407312393
-0.014267128892242908
-0.020749656483530998
-0.04776620864868164
-0.01894240640103817
0.002952760551124811
0.028437556698918343
0.06496893614530563
-0.12127266824245453
0.01978876441717148
0.020407915115356445
-0.02433573640882969
0.013904686085879803
0.010091610252857208
0.0038519171066582203
0.01412797812372446
0.00533069996163249
-0.002207821700721979
-0.02155129984021187
0.029017552733421326
-0.044346291571855545
-0.11537045985460281
-0.06334355473518372
-0.04753938689827919
0.0015703141689300537
0.0012367917224764824
8.469854219583794e-05
-0.13381712138652802
0.07371298968791962
0.007844406180083752
-0.06520966440439224
0.01602354645729065
0.00028487941017374396
0.013461191207170486
0.05228244513273239
-0.04322240501642227
-0.032644402235746384
-0.020048586651682854
-0.016140704974532127
0.006416679359972477
0.03990763798356056
-0.030743466690182686
0.055734310299158096
0.052557751536369324
-0.004697958007454872
-0.02064799889922142
0.03908234089612961
-0.0858076885342598
0.0014857526402920485
0.019197942689061165
-0.005572785157710314
-0.014981526881456375
0.002776684705168009
-0.02401694282889366
-0.06969849765300751
0.052988845854997635
0.008343466557562351
0.003873742651194334
0.05397186800837517
-0.07976400852203369
0.08487090468406677
0.03317044675350189
0.03146498650312424
0.03776265308260918
-0.01757851429283619
-0.04387192055583
0.030034299939870834
-0.030578574165701866
-0.003758607665076852
-0.03192106634378433
-0.04962397366762161
0.12732051312923431
-0.002588561736047268
-0.026817312464118004
-0.0018550206441432238
-0.004891182295978069
0.07760316133499146
0.0202442966401577
0.0663851946592331
-0.06549540162086487
0.03049168735742569
-0.01993926614522934
0.043852441012859344
0.04894120991230011
-0.05820411816239357
-0.007349086459726095
0.022326454520225525
-0.010531611740589142
-0.030177196487784386
0.007310463581234217
0.023367051035165787
0.023311244323849678
-0.059226468205451965
-0.0017276030266657472
0.01173738669604063
-0.0037239156663417816
-0.07853352278470993
-0.01326985377818346
0.03462084010243416
0.03474857285618782
0.1005023717880249
-0.00965395849198103
-0.03470583260059357
0.12286177277565002
-0.00981227494776249
0.11755998432636261
0.03834620118141174
0.07651964575052261
0.006128993351012468
-0.05139632523059845
-0.03577467426657677
-0.006961196195334196
0.0756029561161995
0.053664449602365494
-0.03543923422694206
0.039158713072538376
-0.050718311220407486
0.04956373944878578
0.08125824481248856
-0.037740230560302734
-0.021405790001153946
-0.01730874367058277
-0.04606339707970619
-0.04341542720794678
-0.012049899436533451
0.03570698946714401
-0.051685359328985214
-0.08408874273300171
0.050479013472795486
0.05510392040014267
-0.02197563275694847
-0.019036777317523956
0.02762228064239025
0.08690684288740158
0.020820660516619682
0.0554744228720665
-0.05478358268737793
-0.007011122535914183
0.032938096672296524
-0.03948570787906647
0.065341517329216
0.03322403132915497
-0.015791503712534904
0.022396307438611984
0.039563409984111786
0.02993875928223133
-0.005579930730164051
-0.028825916349887848
0.008586582727730274
0.04524827376008034
-0.05683722347021103
-0.008685162290930748
-0.06569936871528625
0.07155165821313858
-0.020925864577293396
0.006545822136104107
0.07718420773744583
-0.12480554729700089
-0.002830167766660452
-0.029632089659571648
0.061840105801820755
0.010048889555037022
0.053989119827747345
0.04739605262875557
0.022432954981923103
0.045754726976156235
-0.07621438056230545
0.037408698350191116
0.022773830220103264
0.027345621958374977
0.030029980465769768
-0.007012096233665943
-0.039125628769397736
0.047346148639917374
-0.05606488883495331
-0.0360633060336113
-0.0331386961042881
-0.021804599091410637
0.05839015915989876
-0.033695679157972336
-0.05665972828865051
-0.03769208863377571
-0.11561670154333115
0.015432573854923248
0.059765443205833435
0.02123335190117359
0.007642077747732401
0.008410791866481304
0.05025073140859604
0.015550680458545685
-0.005074953194707632
0.009802691638469696
0.026969388127326965
-0.08584203571081161
-0.006631495431065559
0.012318629771471024
-0.0623634047806263
0.12025677412748337
-0.03425336256623268
-0.04086645320057869
0.08783736079931259
0.03705255687236786
-0.0729486346244812
-0.02166334167122841
-0.029917018488049507
-0.02709118276834488
0.0348447747528553
0.03584718704223633
0.021108541637659073
-0.09946278482675552
-0.026216384023427963
-0.06546659767627716
0.013627317734062672
0.015286145731806755
-0.011800973676145077
0.005941998679190874
0.01374878827482462
-0.013869127258658409
0.017449671402573586
0.08448430150747299
-0.08455213159322739
0.1626359522342682
-0.07470764219760895
-0.03420272842049599
-0.04444067180156708
-0.04949566349387169
0.04391219839453697
-0.07795482873916626
-0.002034294418990612
-0.02454173006117344
0.046264149248600006
-0.041896477341651917
-0.030564766377210617
0.020386654883623123
0.09032540023326874
-0.025449084118008614
0.07261857390403748
0.06202221289277077
-0.10615572333335876
-0.027546316385269165
-0.07748757302761078
-0.05790681764483452
0.01230428647249937
0.0034233257174491882
-0.01706153154373169
0.0457744300365448
0.006384585984051228
-0.01774875447154045
-0.015690617263317108
0.05806416645646095
-0.05644431337714195
-0.053831592202186584
-0.11097612231969833
-0.01102347020059824
-0.00795387476682663
0.027707012370228767
0.03513318672776222
-0.07451383769512177
-0.007482222281396389
0.03792716562747955
-0.008748064748942852
-0.07532297819852829
-0.012457901611924171
-0.057530224323272705
-0.011695003136992455
0.04027162492275238
-0.13322509825229645
0.02819708362221718
0.04788289591670036
-0.043011147528886795
-0.026432378217577934
-0.04419726878404617
0.02012639306485653
-0.09349929541349411
-0.032181791961193085
-0.0015921146841719747
-0.02665833942592144
0.011452686041593552
-0.08683305233716965
-0.05572022125124931
0.03204590454697609
0.09492591768503189
0.02449645847082138
0.04007413610816002
0.10295505076646805
0.033465318381786346
-0.043140754103660583
-0.019917305558919907
-0.005882056429982185
0.09931158274412155
0.005917636211961508
0.0161755234003067
0.00808543711900711
-0.022210709750652313
0.069584421813488
-0.0008128401823341846
-0.06408773362636566
0.0211748406291008
0.011059265583753586
-0.03936683386564255
0.05220670625567436
-0.03472817689180374
-0.07440406084060669
-0.019044890999794006
0.06034872308373451
-0.009811583906412125
0.030382469296455383
0.1475108563899994
-0.03744659945368767
-0.11643345654010773
0.004655976314097643
-0.029521511867642403
-0.01679341308772564
0.03564929589629173
0.04659522324800491
0.06002046912908554
-0.009492662735283375
0.00614537950605154
0.041393887251615524
0.04646511375904083
-0.0043017067946493626
0.021166959777474403
0.06490468233823776
-0.011266549117863178
0.027165381237864494
0.004687904380261898
-0.018636757507920265
0.02961966022849083
0.04062564671039581
0.06899755448102951
0.026307525113224983
-0.03183090686798096
-0.058121830224990845
0.054630979895591736
0.1081194281578064
-0.027720347046852112
-0.005648521240800619
-0.020460326224565506
0.06372904032468796
0.09282191842794418
-0.04351053014397621
-0.020066991448402405
-0.05467213690280914
-0.03250574320554733
-0.031599972397089005
0.06054789945483208
-0.028251387178897858
-0.0002752388536464423
0.012484224513173103
0.00015053688548505306
-0.0021863614674657583
0.0868435651063919
0.012747487984597683
0.02327576093375683
0.007032125256955624
-0.07288973033428192
-0.09040672332048416
0.10137582570314407
-0.06338360160589218
-0.027181681245565414
0.021665211766958237
0.016301939263939857
-0.07781581580638885
0.04076530411839485
-0.013163583353161812
0.012086629867553711
0.03639780730009079
0.06210292875766754
0.02534184604883194
0.107880137860775
-0.044878583401441574
-0.08292427659034729
-0.027263708412647247
-0.09646733850240707
0.1554061770439148
0.026465589180588722
0.054910071194171906
-0.023194923996925354
0.023480549454689026
-0.06864465028047562
0.06048441305756569
0.02187490649521351
-0.031568530946969986
0.04104118049144745
0.02960231713950634
0.09936309605836868
0.05255214124917984
0.006812800653278828
0.07237591594457626
0.06270983815193176
0.03249598294496536
-0.1235344335436821
0.001214788411743939
0.01120214257389307
0.008269553072750568
0.059370461851358414
-0.04492640867829323
-0.041709356009960175
0.09735676646232605
-0.016322599723935127
-0.15692554414272308
-0.003798458958044648
-0.06161556765437126
0.007272935472428799
0.07998958975076675
0.06722778081893921
-0.025682583451271057
-0.03844968602061272
-0.001145737012848258
0.017827216535806656
-0.0003252395545132458
-0.0026424990501254797
0.009636256843805313
0.02321958728134632
-0.01842961646616459
-0.0026199815329164267
0.03811527043581009
-0.0006243355455808342
0.05480123683810234
0.018691731616854668
0.0042908089235424995
0.021182430908083916
-0.026424521580338478
0.05356975644826889
-0.010229877196252346
0.09941495209932327
0.09030760824680328
0.03246072679758072
0.045152708888053894
-0.03352321311831474
-0.007630293723195791
0.01807533949613571
-0.06611078977584839
0.08360054343938828
0.09032286703586578
-0.02377193234860897
-0.029705505818128586
0.0409679152071476
0.024617299437522888
0.04214245453476906
0.018888747319579124
0.10160228610038757
0.06303494423627853
0.021912282332777977
-0.04069211333990097
-0.07638084143400192
-0.02978648617863655
0.015490211546421051
-0.0070476895198225975
0.049357280135154724
-0.0019777067936956882
0.011293231509625912
0.027268126606941223
0.005847050342708826
-0.038444727659225464
0.0395040437579155
-0.08627618849277496
-0.020355811342597008
-0.01985282637178898
0.00339659140445292
0.03631869703531265
-0.06497611850500107
0.012710596434772015
-0.040576301515102386
0.04678652435541153
-0.030298803001642227
0.059750474989414215
-0.024845069274306297
0.25564613938331604
0.0026766860391944647
-0.016837604343891144
-0.014215950854122639
0.029456090182065964
0.002932479837909341
0.0661713033914566
0.04845304414629936
-0.02971194125711918
-0.048526205122470856
-0.037859149277210236
0.026487309485673904
0.0027360734529793262
-0.011910462751984596
-0.03884751349687576
-0.001023818040266633
0.04288342967629433
0.07187595963478088
-0.038410600274801254
0.024213505908846855
-0.025030378252267838
-0.0015287608839571476
0.12212147563695908
0.0034919031895697117
0.02884107641875744
0.10369355231523514
-0.021649038419127464
0.04210953041911125
0.04762430861592293
-0.017398493364453316
-0.09062999486923218
-0.023373272269964218
0.02651192620396614
-0.018879549577832222
0.0013564064865931869
0.009589346125721931
0.00527096027508378
0.049738265573978424
0.004020497668534517
-0.05997795611619949
-0.035259220749139786
-0.0016370881348848343
-0.05192296579480171
-0.04289757460355759
-0.022950313985347748
-0.022050747647881508
-0.07078879326581955
-0.0016992059536278248
