-0.500281394
0.5338099
-0.334668458
-0.613101125
0.375902504
0.654563367
-0.189904675
-0.352882206
0.108395286
-0.565466225
0.382051229
0.657613039
-1.0135361
0.215136647
0.60606277
-1.05977046
0.698520303
-0.349119961
-0.631508291
1.56861377
-0.637720227
-0.897726893
0.175660834
-0.917486727
-0.258871228
-0.564938962
1.31297946
-0.176459119
0.944442391
-1.50228667
-0.699891269
1.39823961
-0.133822471
-1.09780097
0.354150593
-1.79485548
0.651151597
-1.07825208
-0.632970393
2.04621553
-2.059762
1.55826306
-0.903176963
1.54625762
-1.49122024
-1.55484509
1.04734528
-0.371655554
1.46870553
-1.31485057
0.749752223
-0.736005723
0.86910826
1.42357314
1.05919659
0.415600896
0.446043551
-1.00372732
-0.0500775427
-0.845763922
0.043905139
0.66204381
-0.352345139
-0.536919475
-0.494666338
2.44098449
0.748509526
-2.18167424
1.77625549
-0.377173662
1.18555224
-0.666458249
-0.309039652
1.12339962
1.31943369
0.263354301
-0.0764029771
1.0056746
1.39311481
-1.53317881
-2.38833046
-0.279080063
-1.48083162
0.282332212
1.87659991
1.06595027
1.99777639
1.53205013
2.82536888
-0.311305791
-2.65778375
0.258349836
-2.05694938
-0.471811444
1.36872673
-1.16787827
0.371142626
-1.67069829
3.73447847
-0.0477891006
-2.32384253
1.40740716
-3.00895905
-0.12693049
-1.12573028
0.232298493
0.988490283
0.0814252123
-0.282413095
7.5150485
0.195690185
-6.11723328
4.74035931
-0.263163388
0.615952909
4.76838112
-1.17543173
-0.770250618
-0.718641877
-0.842181265
-0.96539712
-0.209411427
-0.939824343
-1.10781217
1.0686816
-1.34324908
0.427830994
-1.63049459
-0.0597757511
-0.352304518
-0.110949509
0.256552309
-0.0569771715
0.124004878
0.127871096
-0.278892964
-0.0877489001
0.173806593
-0.179072976
0.281370431
0.175521657
-0.335849732
0.444434375
0.305493712
-2.65364289
2.85305071
0.045412451
0.136400625
-0.317698687
0.329162359
-0.338609487
-0.336517751
-0.249438792
-0.0460564718
-0.547946393
-0.131827325
-0.176593974
-0.539325178
0.739907622
-0.258298814
-0.304097861
0.327594727
-0.24506779
-0.217052042
0.259333879
1.25870633
-0.156469509
-0.19035463
-0.524467468
0.283182025
0.271352768
-1.86145997
2.0514493
-0.0843333676
0.631165922
0.426706672
-1.06471515
0.144711629
0.670517325
-0.72858268
0.602243245
0.374800473
0.428994149
-0.382538408
0.421479821
0.719995439
1.76479483
-0.746005416
0.242583334
-0.397105485
0.90037328
1.20952106
-0.099870868
0.603105426
-0.230984807
0.440379947
-0.271562368
0.126153275
0.438577712
-0.0353260785
0.27991578
0.140171662
0.0258744936
-0.214298189
-0.955056429
0.364933431
0.264989823
0.336833328
-0.187804192
1.03090322
0.183293238
0.828799009
-0.349394381
0.360183418
0.994085193
-0.108593419
0.632686138
-0.133363888
1.33645105
0.486198306
-1.20184946
0.564043343
-0.317319274
1.20005679
-0.0328526422
1.55491316
0.370756239
-0.953440547
0.506987691
-1.6604836
0.426163793
0.0614420697
0.465916127
1.19462895
-2.17204547
-1.92241848
-3.75426364
-0.718642712
-0.326175481
0.22492145
-0.444979191
1.91672599
-0.800572813
-0.31588921
-0.437481403
-0.634697497
-0.0239844285
0.150519207
0.212418243
-0.720610797
-0.456216246
0.194514051
0.0394760855
1.49575198
1.50032723
-0.427899987
0.368969858
-0.742541015
0.16293101
0.175951049
-1.17269063
-0.361691296
-0.0919034928
-0.185996264
0.941420197
-0.549953461
0.353277594
-0.145662561
0.97372514
-0.0263371393
-0.418749481
-1.00434315
-0.239433631
0.117285542
-1.24765468
0.447955787
-0.070507437
-1.45813131
-0.135059565
0.0659090504
0.866691589
0.674542606
-0.434491873
-0.186865598
-0.233052701
1.03925633
-1.20385695
-0.0318067297
-0.717903376
1.33796608
-0.238871172
-0.577844143
-0.992041111
1.72731555
-0.676740587
0.901374578
-0.559152722
1.02884758
-1.17046165
2.71746325
2.94063449
1.04293191
-0.637322426
1.03607082
0.0293699764
-1.26886821
0.577959597
0.623185098
-0.154379651
-0.405812263
-0.0180709735
0.222245902
0.109337531
-0.121216096
-0.103440493
0.080076836
0.109910585
-0.127162844
-0.0774882883
-0.344135553
-0.305866897
0.509308219
-0.229295358
-0.278430313
0.493477345
1.73424983
-0.226003349
-0.118989572
0.207526788
-0.00562008843
0.603362978
0.358911812
-0.207855552
0.373499244
0.366755337
-0.359481364
0.648791134
-1.17729568
-0.675841272
0.973379552
0.229125082
-0.593854249
0.0666090399
-1.16563594
-0.834558308
-0.291592628
0.493358165
0.44742021
1.11390293
-0.451603264
-0.388149709
1.11528039
-0.210775793
-1.13688052
0.93485558
-0.564127624
0.550954461
-0.728684723
-0.852831781
1.39747787
-0.845941544
1.4397949
-0.936522424
1.08717477
-0.801352084
-0.620320082
-1.29209149
0.0730793253
0.914818406
-0.484582514
1.23331165
-0.546406507
0.432204723
-0.424250275
-0.925327897
0.847363532
1.12381697
0.605275214
-1.07291222
1.06601274
0.470378071
-1.25926614
-1.12167704
1.11716855
-2.15104866
0.993574619
1.8116858
-1.28162777
2.27227759
-0.00238013268
1.02491045
0.20720239
-1.6707437
2.30744338
1.228598
1.12115848
0.164097562
0.345550358
1.25262713
-2.25950837
-1.91324604
-1.37300825
-1.43544507
1.26585925
2.36101031
1.46826208
1.58367693
1.08515167
1.99677396
-0.226957902
-2.19717789
-0.560109913
-2.84447551
-1.03277004
0.727413297
-1.26453805
1.33613002
-1.25850463
3.46170163
0.0955541506
-1.50760412
0.0182510577
-2.29198647
-0.17516008
-0.605941296
0.276624948
1.11334157
-0.910226882
-0.230756804
6.33837795
-0.212824434
-5.13852835
3.80094385
-0.443588972
0.589444339
4.16976786
-0.607144773
-1.19410694
-0.311060667
-0.825877666
-0.522069573
0.581752479
-0.0216311086
-1.01250637
0.482502937
-0.536437809
0.853568673
-0.562713742
-0.281806082
-1.08846605
0.488612473
0.824198425
0.658949554
0.759842753
-0.658492088
-0.592944741
0.57428515
-0.568643749
-0.402874887
0.806472182
-0.203601971
0.700758159
-0.0565359294
0.733142138
-2.98434234
3.29768324
0.644950688
-0.0825629309
0.335853666
0.000187039375
-0.177451774
0.901724398
0.230124876
0.265902311
0.204127133
-0.698729932
0.619839787
-0.197664723
1.11354125
-0.754960299
0.184905678
0.11042811
-0.216134727
-0.108610131
0.323543996
0.837775826
0.166225821
0.0200813059
-0.473138392
0.542909265
0.30927974
-1.46468925
0.680543661
2.08919168
-0.188071415
-0.177228108
-0.0618804581
-0.334490716
0.873286664
-0.584937036
-0.449218571
-0.146487087
-0.372657806
1.52260733
-1.56971514
0.166195154
-0.894068241
1.09194744
-0.414008707
0.78391856
-0.822738945
-0.642842472
0.885698259
-0.256902963
0.554340363
-0.0697117746
0.516813993
0.23980765
-0.435581028
0.317356467
-0.484098673
-0.26912868
0.515576005
0.436340839
-0.679202497
0.213623255
0.0543961078
-0.41252616
-0.00429177936
0.0367671512
-0.537219048
1.18679464
-0.555036187
0.727600634
0.40610531
-0.521712899
0.383571178
0.301861435
1.00245452
-0.0062586125
-1.06977534
0.186317578
-0.53488028
1.5537926
-0.27766791
1.01683474
0.803442359
-0.464278191
0.762310266
-0.723056078
0.0160197541
0.191726938
-0.39518857
1.176175
-0.757232249
-1.29089272
-1.71691167
-0.717634261
-0.179653391
-0.0600842796
-0.514316618
-0.11786145
-0.0574264713
0.514999151
0.596759617
0.452528179
0.861920357
-0.0585617349
-0.467100769
0.847322404
0.393738836
-1.03269255
-0.746287227
-0.459859937
-0.710084081
1.08429134
0.702394664
-0.0822013021
-0.479874492
0.32370466
-0.982912183
-0.26491338
-0.15682441
0.410343826
0.635107815
-0.139689982
0.661160409
0.228791296
0.653099954
-0.339213192
-0.238701284
-0.414953887
0.393975645
0.684916556
-0.84080863
0.260538399
-0.0180026125
-0.734049022
-0.360816866
-1.1125071
0.750083864
0.170790121
0.250970215
-0.668807447
-0.330976158
0.0764425844
-0.942431927
-0.60130012
0.373282641
0.62097919
-0.326638669
-0.331742048
-0.541785002
0.602877676
-0.81840992
0.520223737
-0.66164422
1.07770765
-0.747548342
2.38902569
0.779453933
0.78068608
-0.560497701
-0.619645059
0.175849214
0.127645373
-0.48463273
0.315996587
-0.108025692
-0.710610986
-0.0185314231
0.316810727
0.165381625
0.4323183
0.298297048
-0.266416192
0.102023467
-0.188980296
0.282794833
0.354630351
-0.700772405
-0.33352232
0.326337814
-0.220124051
-0.702848554
2.1762948
-0.622841239
0.412755489
0.734505653
0.260045052
0.492827892
0.107928172
-1.33571208
0.880964398
0.977162659
-1.17778862
0.869312823
-0.830403149
-0.116497219
0.524776697
0.774272263
-0.389554739
0.286511421
-0.935011566
-0.994765222
-0.733737767
0.218715265
0.102087982
0.855944932
-0.136245593
-0.362013578
1.23380029
0.210589305
-1.20609915
0.550479114
-0.144820884
0.589042246
-0.883642912
-0.796649098
1.33021998
-0.907551169
1.44538248
-0.991461158
0.737539232
-0.812593162
0.178690627
-0.770483077
-0.492747039
-0.0592598878
-0.152932644
-0.570080519
0.160702303
-0.0231363252
-0.550204694
-0.588113725
-0.701470852
0.733582616
1.49578476
0.205701828
1.13231373
0.887842
-0.704095304
0.434135169
0.439893365
-2.09295225
-1.3131988
2.08372211
0.275062978
1.78026044
1.00431323
-0.147437394
1.05511081
-1.86412084
2.01427054
0.557585716
2.10952067
0.883987665
0.00678750873
1.49831271
-2.2115202
-1.72876692
-1.41414595
-1.53721905
0.355277717
2.30230737
1.79125667
0.625047386
1.02453375
2.70690513
-0.143665344
-1.85172379
-0.738221526
-3.18084502
-1.29954481
0.784908652
-0.552119195
1.5220176
-1.26520336
3.32454729
0.187827066
-1.59986532
0.115322076
-2.74683928
-0.240269378
-0.615661979
0.640966356
1.19844902
-0.159940377
-0.261893541
5.70859575
-0.169358149
-4.14604712
3.02043152
-0.389910072
0.566043854
3.89708805
-0.222404376
-0.546271801
-0.266946316
-1.24786806
-0.559143782
0.97687304
-0.659848392
-1.26382661
0.0665861964
0.00174820016
0.895860016
0.234911695
0.176494092
-0.210587814
0.158649653
0.380084813
-0.0738181174
0.33847785
-0.25803858
-0.247073293
0.145794272
-0.0633913055
0.0755556524
0.388694227
0.191760331
-0.037981797
-0.23266995
0.319980025
-0.9616431
1.72134185
0.28329128
-0.522240162
0.496617287
-0.0910258517
-0.741405845
1.20484996
-0.329044849
0.137803614
-0.0539021082
-0.611935973
0.382144362
0.156326026
1.30230391
-0.578363836
0.390530944
0.240790352
0.297682911
-0.722550809
0.444562167
1.57254195
-0.247802645
-0.0590220205
-0.384367168
0.715536118
0.532024384
-1.80010617
0.811854422
1.93743098
-0.203796715
0.309223861
1.00699258
-1.28609347
0.300931007
-0.25246948
-0.869169354
-0.731531918
-0.240325734
1.76863432
-1.60601354
-0.709079444
-1.1476171
2.49377561
-0.197877407
0.775316119
-0.824121594
-0.635606706
0.134778321
0.227190882
0.103861958
0.17319119
0.0587367527
0.0314575434
0.0297162086
0.396451533
-0.272073656
-0.264834464
0.126329094
0.241837084
-0.714060843
-0.197400451
0.19261989
0.0313592702
0.26947087
0.279041886
-0.24268499
0.754347205
-0.407674849
-0.0426273569
0.112259254
-0.72328335
0.362184972
0.985316515
0.874576986
0.188052207
-0.816332281
-0.298997581
-0.156071112
1.29715264
-0.289006025
0.728891611
0.249590769
-0.398379147
0.343519777
-0.499549538
0.261168182
0.105088875
-0.878936946
0.840405941
-0.756508708
-1.02720702
-1.74080586
-0.414370835
-0.419904321
0.113171838
-0.576078594
-0.659516394
-0.385673136
0.0820531771
-0.153265834
0.0806912109
0.202071205
-0.622611701
0.0950933099
0.599531472
-0.18570365
-0.242805332
0.2018857
-0.83173883
-0.277829498
0.396223783
-0.103385985
1.28988349
-0.22297363
-1.13837254
-0.154482633
0.235965729
-0.90326035
-0.55213058
-0.391608953
0.296574205
0.0945525467
0.475449741
0.380303204
0.32850796
-0.817471087
-0.58664459
-0.299026906
0.679417133
-0.0203487352
-0.0116111115
-0.257219791
-0.12376824
0.248325855
-0.938757777
0.479075968
0.512722492
-0.00139217381
-0.158584207
0.0533326566
-0.280728877
-0.630856156
-0.52636981
0.122835077
0.592212975
-0.67183578
0.492605537
-0.751702547
0.602736354
-0.969162822
-0.111629777
-0.464493632
1.07810175
-0.645797849
2.25324059
0.15874359
0.64617306
-0.433867902
0.0430789702
0.210469216
-1.17430902
-0.687958956
-0.580857337
0.0736003444
-0.268269479
0.924542248
-0.251825243
0.812977076
1.43955195
1.49016047
-0.835864604
-0.762697458
0.56079638
-0.525690556
0.806675196
-0.270037413
-0.514101863
0.0121642631
0.00552143063
-1.61079323
1.67837691
-0.705265582
0.0713483989
0.669616818
0.457822829
0.72489655
-0.303582221
0.00650934037
-0.0148310959
0.335704327
-0.385495335
0.353141308
-1.18238735
-0.294733763
-0.0770295858
0.697724104
-0.473744065
-0.0348032527
-0.89670229
-0.685315728
-0.3643049
-0.112249814
0.702952802
0.967134356
-0.350541562
-0.361484706
1.01392448
0.0255859215
-0.992077827
0.7173208
-0.14520745
0.464390576
-0.473927975
-0.426469713
1.04038692
-0.777534127
1.44089115
-0.589891434
0.35165596
-0.640690207
-0.042250257
-0.678729713
0.0390770063
0.0924432278
-0.0306896642
0.574327409
-0.610448003
-0.0668833107
-1.43601215
-1.29047108
0.273857057
0.311538547
0.654265225
-0.796105683
2.09473324
0.137588218
-1.72205639
-0.737999976
1.4070574
0.275827736
-2.43009758
1.24622548
1.72629392
1.23527849
1.76212418
-0.351860285
0.97055757
-2.51857042
1.1100843
0.206416905
2.18450499
0.614586234
0.33771503
1.59545636
-2.0241251
-1.42330599
-1.73999047
-1.49592113
0.503537953
2.56308889
1.72288823
0.518827021
0.789914072
2.25114703
-0.0211121812
-1.51327026
-1.14869094
-2.80064154
-1.35695875
0.709376931
-1.09198308
0.857529521
-1.47401571
3.0164187
0.286983937
-0.555398345
0.00345151569
-2.75927663
-0.357960075
-0.306969911
0.337882131
0.798623979
-0.547630131
-0.244332165
5.71679306
-0.188100576
-4.03703117
2.2186842
-0.555271387
0.644458413
3.43436122
-0.22792165
0.00947854016
-0.742957294
-1.3449204
-1.13610661
0.631825268
-0.805870593
-1.28036916
0.310029775
-0.597453654
1.18558884
-0.25134933
-0.346501589
0.0242419429
0.290790796
-0.132114828
0.127984852
-0.330824792
0.10193716
0.402027577
-0.428536117
0.274024516
0.393553793
-0.337969512
0.628246546
-0.359293371
0.0419423357
-0.486574054
1.70253944
-0.784137309
0.179112911
-0.987292886
0.074353449
-0.306318015
-0.282505453
0.610691905
-0.099788785
-0.134289637
-0.0995371938
-0.296296388
0.184727132
-0.0846926868
0.950303614
-0.6915133
0.0632662997
0.436754078
0.364621162
-0.702670634
0.345667064
1.13972616
-0.619297445
-0.304261386
-0.120138943
0.398136467
0.300014526
-0.722355068
0.293092787
2.04185104
-0.0122134537
0.434403956
1.84912777
-1.13778329
-0.353625596
-0.179788351
-1.12586772
-1.2128973
0.451043367
1.86476588
-1.17152548
-1.46005917
-1.07072568
2.88704967
0.260542363
0.37440604
-0.432845652
-0.138791949
-0.16548039
0.393628478
-0.069930248
0.215966716
-0.00699040946
0.0863444656
-0.177337468
0.235492319
-0.130549699
-0.0315354876
0.0377043821
0.0573921017
-0.328911483
0.0258852765
-0.0213357452
-0.0952616781
0.0630223379
0.0160829015
-0.405350357
0.23880358
0.131817669
-0.159879655
0.418323219
-0.642115116
-0.0817070752
0.808535576
0.56042105
0.0777293444
-0.347093731
-0.568191707
-0.338548094
1.4158448
-0.79622674
0.619280696
0.419338942
-0.442601442
0.271745354
-0.36406818
0.146923453
0.429862082
-1.1998955
0.940737069
-0.75005281
-0.838491142
-0.963277698
-0.429547608
-0.293310165
0.0298786554
-0.16820699
-1.41418517
-0.495279014
0.119690172
-0.147107199
-0.0730296522
-0.131771386
-0.331638932
0.166667372
0.6244874
-0.258730114
-0.309385121
0.461359084
-1.54494441
-0.172320619
0.357129872
-0.502827823
0.901764095
-0.0109501779
-0.846177697
-0.265679359
0.0982434377
-0.339143217
-0.179542229
-0.288393617
0.298283517
0.90410167
0.333055437
-0.0813183635
0.0218828935
-0.281659931
-0.266538769
0.31451875
1.21212304
0.0869366601
-0.568905413
-0.18112725
-0.199997172
-0.0203978196
-1.01302505
0.0953179151
0.385661066
0.484769613
-0.54996568
0.0800185055
-0.493003637
-0.693467617
-0.478600204
0.242963731
0.532753289
-0.710692525
-0.0281532332
-0.752874792
0.128454551
-0.865601063
-0.0449110903
-0.153661489
0.643341005
-0.437871873
1.77967107
0.042854894
0.229005158
-0.60510385
-0.884859741
0.498862565
-0.214913011
-1.14047813
-0.79215616
-0.753390014
-1.72120178
-0.0517368875
0.313149303
0.434018701
0.859083295
1.01910865
-0.383517355
0.112452567
-0.0677854121
-0.0995947719
0.146370113
0.440893352
-0.651993573
-0.318821132
0.121204585
-2.89685202
0.936196566
-1.59361255
-0.230521381
0.5484308
0.812176168
0.731284738
-0.244891077
-1.69109035
0.550746441
1.66036439
-1.60057986
0.841243386
-0.940479875
0.460991412
0.0756544694
1.34265757
-0.609427214
0.132830858
-0.795371056
-0.752364874
-1.17494249
0.063596949
0.289483607
1.27843356
0.580222905
-0.330276579
1.24512076
0.406285971
-1.13438427
0.878172338
0.100699201
0.639552414
-0.893514991
-0.946555734
1.42203522
-0.77034682
1.51091063
-1.4461832
0.726466238
-0.904416978
-0.0276093334
-1.00408006
-0.13386561
-0.257192641
0.00970999524
-0.840369999
-0.0417319722
-0.057140518
-0.804354012
-0.669781268
-0.651005387
1.05374491
1.90758789
0.0699097812
1.60843801
0.968485475
-1.04963112
0.44751814
0.827964723
2.41033792
-0.865080297
-0.731548667
2.25482345
-0.479082584
2.20801973
-1.14034402
0.750658691
-2.70455146
0.367579937
-0.646483839
2.65037942
0.873886943
0.237591818
2.06166458
-1.87509727
-1.27667093
-1.87114286
-1.66275108
0.361613035
2.22350168
2.31552124
0.0944189951
0.904756367
2.44252801
-0.0223188996
-1.78517616
-1.37962341
-3.23508596
-1.44388211
0.815761149
0.113076121
2.04383636
-1.32294512
3.6229136
0.337405086
-1.5274123
0.10787382
-2.20157528
-0.512101412
-0.88937968
0.381299973
1.31787956
-0.275395453
-0.366074473
7.09980345
-0.189504936
-5.42993164
2.98151851
-0.429494649
0.735259414
4.63745022
-0.13334994
-0.832876682
-0.419408649
-1.08709264
-0.283547938
1.33061326
-0.34334448
-1.5587467
0.177340418
-0.0495209768
1.45049369
0.265576124
-0.0318511948
0.262913227
-0.418967545
0.0277838185
-0.300572455
0.0910588726
0.134073138
-0.330375969
0.166733414
0.139588833
-0.166783154
0.24942793
0.138114661
0.0167773701
-0.477978826
0.228925228
-1.51011395
1.98094952
0.18982321
-0.52731657
0.591550291
-0.455671251
-0.665368319
0.84327507
0.0922023207
0.329813063
0.356865734
-0.755518556
0.427732199
0.425919801
1.20606649
-0.771525025
0.295009017
0.191827789
-0.00525047397
-0.837003887
0.748328626
1.11766958
-0.19126679
-0.158512294
-0.297380716
0.646588206
0.334072471
-1.22790253
0.511729062
1.42708385
-0.185109571
0.0755792782
1.55796897
-1.23887348
0.015259278
-0.289879113
-0.704315126
-0.743375719
-0.304620951
2.14769912
-1.74749684
-1.04913414
-1.24067616
2.82423162
-0.342432946
0.905987799
-0.883554399
-0.659472108
-0.754206717
0.426191449
-0.0969563052
0.333804935
-0.0505126715
0.68074894
-0.0946135372
-0.305223286
-0.352439225
-0.402214587
0.387849301
0.503717124
-0.671696842
0.0571764708
0.0495460629
-0.597926259
0.0226792619
-0.344851047
-0.55373019
0.652291656
0.109337442
0.0528095961
0.219129562
-0.787270904
0.62497443
0.482567906
0.538076043
0.205825999
-0.656543434
-0.393113673
-0.286128461
1.60601044
-1.06029677
0.865128577
0.244291782
-0.427846014
0.397647798
-0.435615569
0.075700067
0.290882289
-1.06388521
0.873128414
-0.970506608
-1.36888599
-1.22279799
-0.316624671
-0.297935903
0.417044312
-0.697027802
-0.919596732
0.243897885
1.19276667
0.343924701
0.832770109
0.442707986
0.0421884805
-0.573588371
1.48322999
-0.819362581
-1.17330563
-0.212516814
-2.04880667
-1.745718
1.15712523
-1.62075472
-0.587515831
1.30983591
-0.472047299
-0.493418038
0.243610054
-0.495809793
-1.05896413
-0.861397147
0.0800071359
-0.119695932
0.515068412
0.0462906063
0.368331343
-1.01446831
-0.88188237
-0.134338975
0.67762512
0.353339732
0.118636295
-0.646979034
0.219247982
0.255803466
-0.956227601
0.549225986
0.630501866
-0.209552899
0.0141118281
0.195845306
-1.02600753
-0.816654623
-0.244331196
0.113663889
0.707919538
-0.722263336
0.52431494
-0.886925697
0.762143254
-1.1584146
-0.362081558
-0.559349656
1.01394629
-0.488783717
2.48573184
-0.12741901
0.454091966
-0.536693215
0.231960565
0.30372411
-1.55373573
-0.843793809
-0.949743986
-0.171971843
-0.470803887
1.39513493
-0.372134179
1.25386369
2.20457745
2.36612725
-1.29963958
-1.16795349
0.875285506
-0.775993109
1.11648548
0.8907516
0.119055375
0.498992741
0.678009689
-1.03080976
0.353827238
0.60511297
0.332000613
-0.567844272
-1.05453777
-0.645776331
0.989796221
-1.05812931
0.701489925
0.0104054883
-0.238430128
1.20560896
-0.613282919
-1.27991915
1.26726651
-0.372449636
-0.613761127
0.580699205
-0.916636705
-1.14714932
-0.0539490432
1.10147226
0.133669987
0.933757544
-0.824993372
-0.316299945
1.1502856
-0.213588536
-1.32503033
0.900057673
-0.873379111
0.646290123
-1.09192562
-0.888948977
1.56072867
-0.846433401
0.936869323
-1.15056241
1.36688566
-1.10331643
-1.02769411
-1.06223977
-0.0343144201
2.02076554
-1.12329197
1.59926534
-0.732118785
1.08519709
0.977942586
0.0756172091
0.912980795
1.54392707
0.126960948
-0.84053582
-0.385923028
0.713415563
-0.216063589
-1.04249823
0.344943583
2.3547101
1.01094222
-1.25659108
1.98641765
-0.833819687
1.99832821
-0.28502956
0.946881652
-2.6661737
0.425827086
0.419349313
1.43558609
0.683292806
-0.242035225
1.99479771
-1.86683798
-2.11978507
-1.05882561
-1.51954949
0.670707822
1.62799311
1.73574173
1.84686518
1.47687697
2.1235013
-0.575362921
-2.2292285
-0.0885207653
-2.94309521
-0.715597928
0.698678553
-0.643669248
1.656232
-1.05653572
3.5620122
-0.0264468528
-1.82455885
-0.0353209376
-2.5694387
-0.0963848755
-0.726995945
-0.214499637
0.630784631
-0.523496807
-0.345964104
5.69444466
-0.108773194
-4.28369999
4.42803907
-0.0266384482
0.327926427
3.85735106
-0.509960711
-1.45873535
0.262418211
-0.573476315
0.160765916
0.503726184
0.0418038405
-0.792256534
-0.280731201
-0.119183704
0.0171003956
-0.265044987
-0.658042848
0.924162447
-0.83207643
-0.536303878
-0.99271822
0.247094065
0.362773687
-0.93669039
1.18158555
0.127115101
-1.01853681
0.533562303
-0.893839002
0.669113755
-0.385310769
1.16040599
-6.88697577
4.25906801
0.486526251
0.542467475
0.559268236
0.120918728
-0.408534408
0.77648741
0.0105008893
0.243964285
-0.0233203247
-0.74840188
0.521028817
0.108440228
0.790073991
-0.784736812
0.234185472
-0.0322841331
-0.190218911
0.0290777888
0.536945403
1.13458312
0.387081027
0.289391071
-0.851970077
0.50046885
0.421487421
-1.93752849
0.790075302
0.75923425
-0.560086608
-0.195970476
-0.685756326
-0.370027512
1.17412221
-0.0395259634
-0.0569165386
0.510608315
-1.06006634
0.135767907
-1.05266356
1.05235207
-0.916603744
0.241168573
-0.943023801
0.752383828
-1.00781727
-1.19188237
-0.759673893
-0.56722182
-0.524163365
0.544914365
-0.675350606
0.452014804
-0.385292023
-0.465524644
-0.0471301377
-0.971689999
0.269519359
0.865934014
-1.10532951
-0.564200222
0.283906043
-0.263913274
-0.500196695
0.142840981
-0.651772559
1.24322259
-1.01607287
0.736121714
0.47118929
-0.32173115
0.366473138
0.385670424
1.41906095
-0.379365504
-1.21552908
0.574770391
-0.3392272
1.2714566
-0.11834874
1.15315962
0.480483115
-0.581076324
0.594350815
-0.729752779
-0.15986608
-0.419607401
0.163909644
0.915991247
-0.201686203
-1.38971794
-2.62819386
-0.530872881
-0.0262610409
0.988637209
-0.997855425
0.0642045885
0.504879355
0.421945393
0.739152789
0.891872525
0.796432197
-0.285790712
-0.575291455
0.759215772
0.423481286
-0.726335227
-0.869192898
-0.350575715
-1.02040982
0.816714048
-0.172418132
0.264218897
-0.181380659
-0.575617194
1.0590291
-1.22052896
-0.480792969
-0.0841989964
1.12124705
0.407196999
-0.0520202816
0.293481767
1.46970344
0.476209611
0.0375709385
-0.466634214
0.127210245
-0.0797967613
-1.55691671
0.825711787
0.289337993
-1.01681864
-0.025168255
-1.26010525
0.984168172
-0.0370628834
-0.378481686
-0.182870135
-0.566938639
0.516037226
-1.57228529
-0.724802911
0.41057992
0.532635152
-0.131247044
-0.248958439
-0.492028177
1.01094627
-1.03650916
0.930176198
-1.21116269
1.00750661
-0.803299427
2.34494019
1.31299245
1.19163728
-0.333041191
0.61662513
0.086702317
0.18307814
0.528118014
1.28344738
0.419708461
0.758713543
0.176987424
0.0439094231
-0.175516188
0.11425446
-0.224172652
-0.168605775
-0.116382428
-0.0454840697
0.290435761
0.617615402
-0.364776254
0.385388553
-0.530379474
0.702461362
0.401623785
-0.191571355
0.802999794
0.49112463
1.05048239
-1.38632405
-1.1121769
0.827345848
-0.480299264
-0.0777254403
0.322896421
-0.0210064352
0.850453436
0.674041212
-1.03093839
1.92888451
-1.54113328
-0.8226614
0.600877404
-0.801327884
-0.325991124
-0.14456211
1.76492107
-0.890349448
0.549552798
-1.31605387
-0.425601661
1.07048583
-0.142676592
-1.19160891
-0.0999701023
-2.95510912
0.396616131
-0.989573181
-0.367685616
1.90709281
-1.90043211
1.53781796
0.188164368
1.8187238
-1.57251263
-2.20652914
1.11743796
-0.808407962
1.70168543
-1.68783724
1.63578451
-0.299426258
1.28606415
2.16700006
1.2174648
0.519482791
0.560286164
-2.75844264
0.17581284
-1.81721652
-1.44624984
1.0805676
-0.565113902
-1.40330553
-0.116505265
1.66631722
-2.0395081
0.566461325
-1.19480395
1.65147126
1.35350966
3.50651884
-0.995996952
-0.449167013
2.95902419
0.222549558
-2.51672316
1.29174852
1.12340188
-0.35965243
-2.38293624
-1.3388747
-1.96935177
1.29922783
1.9558053
-0.910033047
3.34783888
2.03833032
0.882333815
1.35788333
-2.24619985
0.531671584
-1.79738474
0.338524133
1.30141664
-3.18283677
-0.362840801
-1.83798528
0.935188234
0.0360685326
-2.03384495
2.27408457
-2.77458525
0.207571357
-1.33715999
0.95186615
0.942526639
-1.2573458
0.032324072
5.21042347
0.31917277
-4.84445763
4.10493946
-0.202213004
0.832954466
3.2991519
-1.97083032
-0.472390145
-1.53046274
-1.79883337
-0.848679543
-1.62838233
-0.859014273
0.259303153
2.7206614
-2.4417212
0.805782855
-2.93254018
0.664233923
-0.39472568
0.630256832
0.603236794
0.765682578
0.17780906
-0.00700175762
0.686443567
-0.734752715
-0.291812271
0.217469513
-0.00344675034
0.613721251
-0.579813004
0.61733222
-0.145467192
-4.02754974
1.32177103
-0.774585426
0.397881269
-1.38734281
0.699835539
0.278116345
-0.471122235
-0.793221474
-0.604573131
-0.94193846
1.02938831
-0.179497898
-0.885574877
-0.117921844
-0.199069992
-0.610935032
0.586722016
-0.561800241
0.403627247
0.443410486
0.953386307
0.388433576
-0.432896018
-0.468529403
-0.0429372266
0.29551959
-1.47404063
2.30058122
-1.66874063
1.57647264
-0.0111365588
-3.80441976
1.51752663
0.686141789
-0.543220937
1.18934321
1.15139055
0.651026428
-1.93964314
1.6605804
1.24891055
2.97731161
-3.87199807
0.793943882
-1.33659303
1.7954632
2.10159326
0.232253373
0.0882182345
0.279736996
0.0401224196
-0.13951689
-0.176088542
-0.307231158
0.0473290607
0.0211287532
-0.156034961
0.324017435
0.426485419
-1.23510909
-0.0275381207
0.581091106
0.255928278
-0.0657027513
0.870753527
-0.0792725384
1.66871226
-1.60866475
0.836705267
0.469766647
0.0986742899
1.52832365
-0.384554476
1.73703444
2.2332871
-2.49478507
0.970168233
-0.38401106
0.561388791
1.60762334
1.77190673
0.87403816
-0.677132964
1.57770562
-1.63091302
0.00296060625
-0.821749747
1.58336949
1.23297727
-1.99659443
-1.75184834
-4.48845911
-0.883585691
0.462514669
0.336402237
0.311364621
4.02238321
0.00998100266
-0.618072093
0.235509157
-0.446083754
0.780440688
0.0473845378
-0.325909436
-0.683622062
-0.727579474
0.389957637
-0.932109118
4.27310419
1.74873877
-0.257689804
-0.115689769
-0.00730490685
-0.700822651
-0.807416916
2.14027619
0.430429101
0.425891817
0.519967377
1.18446648
1.53801739
-0.112455815
-0.528220832
0.744175971
0.177840203
0.248580754
-0.800727367
-0.497357786
-0.552607894
-2.11980057
0.359390646
0.638625622
-1.5561254
-0.169248253
1.44500327
1.57832277
0.4650653
-0.228548735
-0.450737804
-0.521748483
1.40669942
-0.0185061228
-0.197274357
-1.8556391
1.55763948
0.95634973
-1.81357467
-0.635245144
3.18204546
0.123627491
0.798048198
0.299426913
0.517071843
-1.30918503
3.01960874
3.50365686
1.29226935
-0.697969317
1.59297574
-1.42931199
-1.63375115
2.66770244
0.643939018
0.303014219
-0.156895727
-0.358870655
0.388630569
-0.655108631
-1.86541116
-1.91989303
1.16432786
0.691091061
-0.566435695
-0.471585214
-1.87727296
-0.11349833
0.24394466
-0.118854679
-0.345911115
-1.14548945
-2.07124424
-0.583506465
-0.878483295
0.380390882
0.63111043
0.563183784
0.134981841
-0.501809299
-0.0274012536
0.749396324
-0.52659595
0.677812934
-0.87507534
0.144679502
0.0490807891
0.814674079
-0.508381248
-0.0329417661
-0.841516316
-0.679670036
-0.698323369
-0.125989601
0.516463876
1.12957156
0.46900928
-0.262925446
1.11392808
0.201722473
-0.936492562
0.835680187
-0.127933592
0.471342057
-0.695970058
-0.814808249
0.937425077
-0.726166904
1.42497504
-0.815110326
0.668889225
-0.688618302
-0.223415762
-0.662925422
-0.0863830969
0.051802475
-0.183393598
0.0949621499
-0.392827362
0.070229724
-1.03906107
-0.991250277
0.0152797606
0.641703129
0.895005584
-0.472814411
1.81270814
0.205846444
-1.37602103
-0.325858444
1.06031084
-1.95008981
1.50800538
-1.93673158
-1.13606441
-2.27510262
0.719862044
-0.601116359
0.434695899
-2.39580274
-1.59653556
-0.819215178
1.72803307
0.00245422125
0.655082166
2.21718097
-1.3494488
-0.915922642
-2.04293013
-1.68158841
0.639831901
2.06719851
1.85001659
0.489307225
0.84998107
1.69024551
0.169559404
-1.59119201
-1.12217081
-2.43637586
-1.37283206
0.742384613
-1.03821158
0.91332227
-0.809687138
2.94404125
0.219455615
-1.08614814
0.0499358363
-2.08551669
-0.301461905
-0.41540435
0.338493794
0.76987803
-0.790996313
-0.183965266
6.17298508
-0.207486778
-4.46574259
2.51018715
-0.67204082
0.67917192
3.97380853
-0.566659749
-0.396777958
-0.601969481
-1.11179161
-0.660730004
1.02932608
-0.684164286
-1.10159302
0.482141763
-0.785097182
1.30674386
-0.564442277
0.177057087
0.0388932154
-0.0455733463
0.0390902199
0.0649772957
0.0422303304
-0.115714408
0.0943806991
-0.317188293
-0.050589934
0.203705713
0.00410670042
0.356766671
0.0390397161
0.0463476181
-0.208272874
-0.32244575
0.801498234
0.20608747
-0.630464315
-0.000631429255
-0.384815842
-0.114546642
0.467519492
0.273699015
0.109534279
0.125934452
-0.248651177
0.353075325
-0.141436413
0.799893379
-0.673075497
-0.179592893
0.325326562
-0.0857526362
-0.473295897
0.616132379
0.795522869
-0.155860841
-0.315661281
-0.107670426
0.338494062
0.367884576
-0.76698786
0.314668983
1.83544016
0.110130534
0.201050803
1.21070361
-0.834690034
-0.0653920844
-0.271820843
-0.790160537
-0.893946886
0.291232556
1.91659594
-1.28628278
-1.17137551
-0.82114917
2.24023199
0.132739604
0.432004005
-0.399233907
-0.0700742379
0.416077077
-0.436938882
-0.0627128631
-0.0377537459
-0.282582819
0.115864895
-0.0697303861
-0.218980908
-0.245798543
-0.17345956
0.133151084
0.208103493
-0.395786941
0.122067288
0.140401602
-0.355858326
-0.0689406991
-0.261253357
-0.48130995
0.392889202
0.2755844
0.169965237
0.516267717
-0.595803201
0.389730811
0.161488131
0.383144438
0.447229922
-0.638737321
-0.278449178
-0.525732994
1.40386653
-0.998703778
0.763671041
0.550073802
-0.383834124
0.475107163
-0.461320043
0.052714318
0.628954291
-0.842764914
0.97618103
-0.950723112
-1.06887054
-0.664772034
-0.483678013
-0.27906245
-0.134133205
-0.552081108
-0.873826563
-0.483293891
0.691411138
0.135203466
0.219005719
0.42616111
-0.101559587
-0.264841974
0.887813449
-0.280213118
-1.10048401
-0.217149913
-1.31105757
-0.726239681
0.973697186
1.33555877
0.129692197
0.0737215877
0.896322608
0.131587207
-0.275224805
0.207605273
-0.587969244
-0.436016262
-0.11193186
0.167380929
0.586330712
-0.0747076645
-0.12227416
-0.372237623
-0.537598968
-0.108823597
0.901567519
0.148803145
-0.27931267
-0.330326825
-0.118817449
0.0393886641
-0.778746009
0.301700681
0.546664655
0.296445936
-0.289447069
0.0659749657
-0.703713715
-0.672533929
-0.268819898
-0.0928025991
0.714458823
-0.509195149
-0.0652433708
-0.774325848
0.41797024
-0.916106403
-0.193832353
-0.410812289
0.879190683
-0.49841249
2.08412647
0.0613953322
0.454031318
-0.590934098
-0.454815924
0.371318758
-0.723989069
-1.10835028
-0.903185964
-0.508153856
-1.2578249
0.329719335
0.140192524
0.622526586
1.18894398
1.29447508
-0.612279117
-0.248850062
0.163186029
-0.188820139
0.407277167
-0.804569542
-0.218074575
-0.509776592
-0.683748782
0.213467419
-2.05164194
-0.435162306
-0.720873535
0.22900486
0.481544793
-0.434165835
0.447383642
-1.99833417
-0.0545758009
1.4706614
-0.820631266
1.02028322
-0.0467904508
-0.0974758342
0.689730525
0.25508979
-0.412163734
0.556008756
-0.76535821
-0.828476846
-0.857559502
0.76586771
-0.282618642
0.788377047
-0.171490699
-0.394750178
1.10217965
-0.048174087
-1.19726562
0.442704916
-0.526051879
0.510414958
-1.03486419
-0.640200436
1.25218928
-0.866450429
1.20028675
-0.757497311
0.894456327
-1.00477207
-0.154988393
-0.142609
-0.620058537
0.0732614771
-0.381831825
-0.74554348
0.014846826
0.20944865
0.271067947
0.269189775
-0.739824355
0.603929579
0.891633511
0.577399433
0.329818428
0.465802968
0.126922548
0.702681601
-0.248467952
-2.42594481
-0.906397104
-0.657056391
-2.34060764
-2.25549746
-0.859670341
-1.23758185
0.269935012
-2.08334541
-1.67132211
-0.826825261
1.84855092
0.447038949
0.514430642
2.42281389
-1.26050282
-1.38539898
-1.93639493
-1.85334253
0.374271274
1.96806347
2.03735065
0.892409384
1.40300536
2.27594256
-0.483848751
-1.83790326
-0.968258202
-2.97027206
-1.35348916
0.970735729
-0.853925109
1.14736819
-1.00242841
3.26887012
0.230474368
-1.52997768
0.279776573
-2.57398224
-0.340634614
-0.68831712
0.437107503
0.537535906
-0.445844233
-0.346309841
6.321805
-0.166343287
-4.78836489
3.7737956
-0.550043941
0.667261302
4.14249468
-0.762271225
-0.43032372
-0.261757076
-1.29901016
-0.622609019
1.04249907
-0.417628855
-1.30756354
0.914176822
-0.370787054
0.961793244
-0.276287615
0.275595307
-0.439980239
0.476021737
-0.157141611
-0.160563111
-0.50797677
0.446905345
0.06296435
0.23461172
0.291185766
-0.477417082
0.0887386873
-0.144815892
0.129106835
-0.229909778
0.43234542
-4.49111462
2.07447624
0.131968915
-0.117685534
0.209773377
-0.162853271
-0.323379219
0.542556703
-0.0102795595
0.129362151
0.0321545079
-0.3053433
0.41321823
0.0683020577
0.435585648
-0.311921
0.0770868436
-0.000413281377
-0.00845788606
-0.403890461
0.557648242
1.11811554
0.0787771866
0.0390742831
-0.409872204
0.406870395
0.234397143
-1.2713505
0.584754407
0.607709587
0.0147451982
0.0441676714
0.0363571718
-0.749254525
0.511511803
-0.179444969
-0.315852255
-0.0527362861
-0.483209729
1.04612517
-1.2539283
-0.206366941
-0.559271336
0.644516408
-0.267950833
0.5167256
-0.498450935
-0.375636727
0.340646476
0.129065499
-0.10967572
-0.207832947
-0.128245965
-0.1450423
-0.352252722
-0.246787608
0.0839843154
-0.425271988
-0.00786767155
0.455047011
-0.748106003
-0.610170126
0.214135066
0.139739662
-0.248152778
0.326983333
-0.468319833
1.06539714
-0.694887102
0.192574739
0.508261085
-0.53397423
0.703522623
0.48406902
1.0648644
0.41222775
-0.9774158
-0.000726763159
-0.235804856
1.20934916
-0.274878204
1.01982772
0.228581369
-0.511063695
0.452091843
-0.836705804
0.466182441
0.103375018
-0.203174978
0.948411822
-1.12248874
-1.53824115
-2.0223937
-0.595619261
-0.301330119
0.0244033281
-0.756033301
0.463229686
-0.132702202
0.311106771
-0.0605308786
0.123369619
0.463052303
-0.444465905
-0.129186586
0.575004399
-0.651797831
-0.288917094
-0.160966724
0.172098935
-0.628825486
0.419786155
0.20231162
1.59164369
-0.931453824
0.582527697
-0.0705110058
-0.0581363589
1.05845904
-0.532741964
-0.326516122
-0.225563407
-0.379324138
-0.101166338
0.125063151
0.784686863
-0.563139796
-1.12050533
-0.439816892
-0.0745783746
-0.220632613
0.221737549
-0.408316344
-0.24276942
0.471435368
-0.513390362
0.647612393
0.635144949
-0.286095887
0.18656905
0.155963898
-0.235659137
-0.503857613
-0.433270514
0.0513408817
0.702430189
-0.570170581
0.6179654
-0.644435883
1.01557875
-0.801564336
0.192218885
-0.248980641
0.826622367
-0.532321155
2.21707773
0.601234972
0.577380836
-0.368355632
0.908195198
-0.00228502252
-1.79411197
0.0919142067
-0.434189916
0.256268531
0.541811168
1.38092852
-0.515537918
0.805153489
1.33510303
1.35427189
-0.751307964
-1.16016972
0.832677364
-0.915190339
0.53517735
