0.20774506032466888
0.4024121165275574
0.30408355593681335
0.23444987833499908
-0.0071103861555457115
-0.06920254230499268
-0.30516818165779114
0.3043645918369293
0.19180551171302795
0.0904100090265274
-0.18039371073246002
0.4953400194644928
-0.044800832867622375
0.4030281603336334
0.14332252740859985
-0.5945971012115479
0.028791053220629692
-0.22246745228767395
0.0964081808924675
0.07903885096311569
0.1909550577402115
0.37983644008636475
0.11067052185535431
0.3842526376247406
-0.2576282024383545
0.3145369589328766
0.42051857709884644
0.15444839000701904
-0.19031336903572083
0.1708727329969406
0.5261762738227844
0.29804250597953796
-1.746752142906189
0.6076244115829468
0.027389762923121452
0.5620585083961487
-0.07643620669841766
0.19537353515625
0.1647014319896698
0.32604169845581055
0.5638698935508728
0.5737824440002441
0.40816083550453186
0.3856194019317627
0.22576569020748138
0.3230949640274048
0.4821580946445465
0.2929723262786865
0.1518927365541458
0.9300355315208435
-0.13559739291667938
0.21544231474399567
0.0322750061750412
0.1453014314174652
0.7915953993797302
0.4619975686073303
0.431264191865921
0.8967573046684265
0.16575460135936737
0.4161072075366974
-0.21358543634414673
0.5510386824607849
0.08413686603307724
0.2131226360797882
0.04469591751694679
0.4053499698638916
0.18595841526985168
0.10662823170423508
0.5125719904899597
0.20239132642745972
0.46614187955856323
0.737262487411499
0.056988734751939774
0.6057482361793518
-0.08910486102104187
0.2529338300228119
-0.1604141891002655
-0.15976202487945557
1.0223758220672607
0.059263814240694046
0.4515400826931
0.5769219994544983
0.34192463755607605
0.07082398235797882
0.3949877917766571
1.058825135231018
0.05193744972348213
0.4024219810962677
0.19358013570308685
0.1521034836769104
0.19351716339588165
0.4843657612800598
-0.003687117947265506
0.44886264204978943
-0.02156008966267109
0.43490007519721985
0.21592149138450623
0.27897214889526367
0.4854329526424408
0.0897759422659874
0.9260865449905396
0.1513129323720932
0.5721449851989746
-0.1858474165201187
-0.09121346473693848
0.17556224763393402
0.23979592323303223
0.31807950139045715
0.04503633826971054
0.5286500453948975
-0.037224579602479935
0.002838174346834421
0.00850045308470726
0.17813093960285187
-0.05259476229548454
0.23538391292095184
0.37812796235084534
0.26878201961517334
0.09891817718744278
0.22419849038124084
0.1048482209444046
0.38350924849510193
-0.09544721245765686
0.3156193494796753
-0.059250377118587494
0.6295570135116577
-0.26135018467903137
0.2641420364379883
-0.08201052993535995
0.27948668599128723
0.2639163136482239
-0.11936145275831223
0.14323827624320984
0.32301807403564453
0.15293875336647034
-0.10517590492963791
0.05865843594074249
0.7540308237075806
0.20659011602401733
-0.1218269094824791
0.8207457065582275
0.5345022082328796
-1.117422103881836
0.6082555651664734
0.5400627851486206
0.13186509907245636
1.0023303031921387
0.2550979256629944
0.4349726140499115
-0.4192068576812744
0.6925886273384094
0.1432652324438095
0.19616128504276276
-0.13129906356334686
0.6353686451911926
0.040795423090457916
-0.30053940415382385
0.32285383343696594
-0.20367218554019928
-0.3405745029449463
0.06016245484352112
0.13081826269626617
0.11972501873970032
0.2931157350540161
0.15890778601169586
-0.09961958229541779
-0.47278401255607605
0.04660508781671524
0.28328874707221985
0.2730768620967865
0.6037775278091431
0.6524901986122131
0.2017495334148407
0.22728930413722992
-0.25076359510421753
-0.00458431476727128
-0.004248238634318113
0.5243009328842163
0.44789713621139526
0.26394835114479065
-0.003549661487340927
0.30942991375923157
-0.3097262978553772
1.0793081521987915
0.25016075372695923
0.9933640360832214
0.5238828063011169
-0.12043154984712601
0.22985684871673584
0.2136724591255188
0.5286206007003784
1.0307592153549194
0.3001916706562042
-0.08684806525707245
-0.12211846560239792
-0.3837668001651764
0.46581774950027466
0.054101310670375824
0.040928952395915985
0.46930328011512756
0.6045432090759277
0.28868845105171204
0.46826300024986267
0.11815393716096878
-0.26002973318099976
0.5859351754188538
-0.008834113366901875
0.06293846666812897
0.5658324956893921
0.09297449141740799
0.15810297429561615
0.31125250458717346
-0.07451215386390686
-0.21757090091705322
0.2242870181798935
0.2693381905555725
-0.11154928058385849
-0.015384531579911709
0.46971336007118225
0.6977182030677795
0.219991534948349
0.13688969612121582
0.16681884229183197
0.18661707639694214
0.3924179673194885
0.3933878242969513
0.7247324585914612
-0.39373454451560974
0.09447959065437317
0.31639420986175537
0.6070516109466553
-0.0686296820640564
0.025441525503993034
0.5259069204330444
0.4213186502456665
0.18600241839885712
0.22205662727355957
0.14913266897201538
-0.07378795742988586
0.41330963373184204
-0.1308600753545761
0.06885641813278198
0.054196976125240326
0.6465750932693481
0.01827297732234001
0.7189527153968811
0.1904711276292801
0.2372749000787735
-0.056812915951013565
0.02422216907143593
-0.01590387150645256
0.5678910613059998
0.3749474585056305
0.3920016884803772
0.16047388315200806
0.06044203042984009
-0.09020256251096725
0.05730642005801201
0.019108673557639122
0.9313052892684937
-0.03598432242870331
0.5311242938041687
0.6353335976600647
0.22669515013694763
-0.08787991851568222
0.14287157356739044
0.3372022807598114
0.6766149401664734
-0.0018721451051533222
0.527553141117096
0.11324197798967361
0.5910753607749939
0.37612083554267883
-0.09233434498310089
0.242050901055336
-0.06489992886781693
0.36469656229019165
0.433312326669693
0.1949683576822281
0.8383253216743469
0.6608513593673706
0.5499972701072693
-0.062273040413856506
-0.10982103645801544
0.0509842112660408
-0.09266379475593567
0.19786541163921356
0.14586569368839264
0.24170342087745667
-0.12466992437839508
0.16185764968395233
0.4530836343765259
0.3257647156715393
-0.3153267502784729
0.24503520131111145
-0.09292683750391006
0.1888514757156372
0.06558586657047272
0.2847527861595154
0.24097026884555817
0.14784854650497437
-0.05695192888379097
0.5208946466445923
-0.05933298543095589
-0.1437237411737442
0.4381711781024933
-0.0530216284096241
0.0966915711760521
0.1723056584596634
-0.18821530044078827
-0.22067251801490784
0.13571850955486298
0.3219338357448578
0.4400106966495514
-0.3609074056148529
-0.43037083745002747
-0.3644164502620697
0.019348910078406334
-0.3008575737476349
0.2921029031276703
0.1692827343940735
0.15767516195774078
0.12995074689388275
0.052843689918518066
-0.11269161105155945
0.04039774835109711
-0.08227477967739105
0.6432516574859619
0.6118366122245789
0.40127837657928467
0.5801557302474976
0.07360155135393143
-0.23221583664417267
0.37069278955459595
0.3506649136543274
0.357452929019928
0.3875162899494171
-0.20213012397289276
0.31561318039894104
0.42977994680404663
-0.13431401550769806
0.3609529435634613
0.20419853925704956
-0.3470311760902405
1.3782073259353638
-0.025685958564281464
0.45685845613479614
0.2835625112056732
0.23962493240833282
0.14431573450565338
0.513679027557373
0.2208404839038849
0.24799062311649323
0.5873000621795654
-0.29023003578186035
0.42130184173583984
-0.10279040783643723
0.2767737805843353
0.13406257331371307
0.2810405492782593
0.6476539373397827
0.1961733102798462
-0.15684115886688232
0.4712834656238556
0.6871485114097595
-0.11355839669704437
0.13294102251529694
0.07464388012886047
0.044394657015800476
0.08492037653923035
0.2678077816963196
0.24686622619628906
0.16948942840099335
0.7381669878959656
0.7962354421615601
0.10781578719615936
0.669926106929779
0.16470752656459808
0.2677299976348877
0.39648592472076416
-0.22930580377578735
0.6749995946884155
0.34117621183395386
0.17703193426132202
0.1304439902305603
0.5480112433433533
-0.4192231595516205
-0.01743141934275627
0.40577468276023865
0.45313987135887146
-0.3465374708175659
-0.2975195050239563
0.14819826185703278
-0.11104094237089157
0.20531146228313446
-0.3170742392539978
0.6130285263061523
0.026602933183312416
0.097125343978405
0.30048230290412903
0.6034888625144958
-0.108147531747818
0.24447043240070343
0.06849101930856705
0.1477859914302826
-1.0595316886901855
0.22523024678230286
0.02250823751091957
0.23123227059841156
-0.8104946613311768
0.19608846306800842
0.281121164560318
0.6593294143676758
0.24185937643051147
-0.30997234582901
0.45937615633010864
0.031145082786679268
0.3018505573272705
0.26555806398391724
0.40970078110694885
-0.0629010796546936
-0.07547624409198761
-0.20323313772678375
-0.08514216542243958
0.02617574669420719
-0.0952615737915039
0.14272379875183105
0.38387972116470337
0.08942551910877228
0.42241713404655457
-0.004543529823422432
0.3923953175544739
0.7538541555404663
-0.1928209662437439
0.25222089886665344
-0.441243052482605
0.5272092819213867
0.4470895528793335
0.062477197498083115
1.0159791707992554
0.39424702525138855
-0.24751929938793182
-0.06595320254564285
-0.20970870554447174
0.36952629685401917
0.05091174319386482
0.46110597252845764
-0.3084961175918579
0.4406849443912506
0.2276880294084549
0.37783199548721313
0.4671649634838104
0.03608417510986328
0.3846213221549988
0.6115449666976929
0.11713165044784546
0.20144525170326233
0.23164471983909607
0.29635828733444214
-0.15388008952140808
0.781690776348114
-0.22230860590934753
0.025881584733724594
0.2819100320339203
0.8019171953201294
0.36274197697639465
0.05795497074723244
0.2834252417087555
0.3273638188838959
0.676724374294281
-1.4154936075210571
-0.12275584042072296
-0.14722636342048645
0.5549426674842834
0.11442115157842636
0.5303525924682617
0.29985183477401733
-0.000671346380840987
0.33261626958847046
0.32779550552368164
0.2846865952014923
0.27740734815597534
0.10409528762102127
0.173573836684227
0.18797752261161804
0.19136235117912292
-0.29531434178352356
0.6877018213272095
0.5770052075386047
-0.1441088765859604
0.4376019239425659
0.46123749017715454
0.4271116554737091
0.3197278380393982
0.4076831638813019
0.15811073780059814
0.16053785383701324
0.22287055850028992
0.15554000437259674
0.04684113711118698
-0.004418450873345137
0.7622177600860596
0.6001564860343933
0.057701632380485535
-0.5796521902084351
0.31929391622543335
0.45175501704216003
0.4466947317123413
0.04040367528796196
0.09515349566936493
-0.09336871653795242
-0.14772731065750122
0.4632776081562042
0.7196318507194519
0.5055360198020935
0.23104238510131836
0.08698944002389908
0.33945393562316895
0.5412041544914246
0.16123631596565247
0.36005645990371704
0.29651936888694763
-0.48121920228004456
0.412543386220932
0.3644546866416931
-0.002104395069181919
0.538004457950592
0.05281563103199005
0.039100129157304764
0.2869727313518524
0.2163805514574051
0.2423977553844452
-0.11117446422576904
0.3164905607700348
-0.1450892984867096
0.36438336968421936
0.4217754602432251
0.11696761846542358
-0.051377326250076294
0.46146005392074585
-0.022418782114982605
0.04246242716908455
0.24182048439979553
-0.3938199281692505
0.2083720862865448
-0.06723567098379135
0.26448825001716614
0.5765163898468018
0.3703286349773407
-0.32452020049095154
0.42853227257728577
-0.08172250539064407
0.36739662289619446
0.6226601004600525
-0.1582813560962677
0.2104145586490631
0.10641885548830032
0.027686215937137604
0.5198146104812622
-0.1441979557275772
0.44340139627456665
0.9479666352272034
-0.049439821392297745
0.027886968106031418
0.20135174691677094
0.1948048621416092
-0.9878984093666077
0.6375554800033569
0.13634584844112396
0.09606014937162399
0.4617849290370941
0.5547915697097778
-0.5051410794258118
0.2832675278186798
0.416227251291275
0.0002665752836037427
0.10897009074687958
0.7961308360099792
-0.2271452248096466
0.605100691318512
-0.035872895270586014
0.0041952840983867645
0.17896872758865356
0.4513857066631317
0.4753578305244446
0.4898670017719269
0.4586614966392517
0.47631609439849854
0.626020073890686
1.3187165260314941
0.5330377221107483
-0.12815620005130768
0.35480356216430664
0.3385738730430603
0.30958256125450134
0.4365188181400299
0.45355403423309326
-0.14396555721759796
0.22509969770908356
0.10285934060811996
-0.09603353589773178
0.2995462119579315
0.5905086398124695
1.3467625379562378
-0.1820506602525711
-0.3709365427494049
0.34229278564453125
-0.19899657368659973
0.37746211886405945
0.25610917806625366
0.55454421043396
-0.11410649120807648
0.35154423117637634
0.2831692695617676
0.32623744010925293
-0.008662834763526917
0.6530059576034546
0.2904351055622101
0.1810673624277115
0.32689374685287476
0.14957407116889954
0.29092708230018616
0.08019155263900757
0.2726227045059204
0.3148793578147888
0.3015279769897461
0.03472509980201721
0.21602702140808105
-0.3842765986919403
-0.18964633345603943
-0.0805627703666687
0.2831999957561493
-0.009465391747653484
0.25185921788215637
0.05616436526179314
-0.2905736565589905
-0.11561372131109238
0.6500599980354309
0.65570467710495
0.8171559572219849
0.36948162317276
0.497812420129776
0.40756022930145264
0.7053424119949341
-0.08113522827625275
0.32329699397087097
-0.15818749368190765
0.4217695891857147
-0.24936968088150024
0.3089433014392853
0.3402952253818512
0.03149468079209328
-0.034295372664928436
-0.09435117244720459
0.5070752501487732
0.11774472147226334
0.4687827527523041
0.18372628092765808
-0.09678754955530167
-0.35559749603271484
-0.017378604039549828
0.03471029922366142
0.04509897157549858
-0.6942151188850403
-0.06763644516468048
-0.01498557347804308
0.2717197835445404
0.40078842639923096
-0.10379108041524887
0.3624933958053589
0.29126623272895813
0.031202135607600212
0.40553343296051025
0.4535692632198334
-0.4782275855541229
0.02921249344944954
-0.3650050759315491
0.14491701126098633
0.26921579241752625
0.2522177994251251
0.130824014544487
0.00949497427791357
-0.1570180058479309
-0.2035483717918396
0.46027669310569763
-0.5808014869689941
-0.2860526144504547
0.5412654280662537
0.10308925062417984
0.5448405146598816
0.29127901792526245
0.17661361396312714
0.25587940216064453
0.49505820870399475
-0.08794845640659332
0.12049664556980133
0.26741811633110046
-0.3316304683685303
0.4211142659187317
-0.16965122520923615
-0.055982451885938644
-0.332882821559906
0.48128536343574524
0.599676787853241
0.34103691577911377
0.21745438873767853
0.20940105617046356
0.14552544057369232
0.09631498903036118
0.5216621160507202
0.2138816863298416
0.11639605462551117
-0.2800721228122711
-0.34462207555770874
0.06499423831701279
0.16922427713871002
-0.09818319231271744
0.08289500325918198
0.3868258595466614
0.28602394461631775
0.33059021830558777
0.4916995167732239
-0.30728885531425476
0.3614756464958191
-0.09153886139392853
-0.004741561599075794
0.5810404419898987
0.13290439546108246
0.2788405120372772
0.5108662247657776
-0.021652759984135628
-0.1817592829465866
0.034858204424381256
0.473843514919281
0.2537234127521515
0.46772775053977966
0.10687906295061111
0.27973511815071106
0.548387885093689
-0.12130367010831833
0.3717218041419983
0.1023387685418129
-0.21105438470840454
-0.2323622852563858
0.13554047048091888
0.492193341255188
-0.2290022075176239
0.19452446699142456
0.44825416803359985
0.46883857250213623
0.2811257839202881
-0.01942281611263752
0.11411333084106445
-0.011128361336886883
-0.28374749422073364
-0.019879477098584175
-0.3131795823574066
-0.343871533870697
0.1653226912021637
0.19139955937862396
0.5310333371162415
0.3653380572795868
0.5509195923805237
0.5884296298027039
0.024379653856158257
0.07025346159934998
0.3668530583381653
0.27004024386405945
-0.22356164455413818
0.2658332586288452
0.438155859708786
-0.17471061646938324
0.20527443289756775
0.1653183102607727
0.5410856604576111
0.3772750794887543
0.6809597015380859
0.5558143258094788
0.7647601366043091
0.06639128923416138
0.2615535259246826
0.2555749714374542
0.34941112995147705
0.19614854454994202
0.4437538683414459
0.40332552790641785
0.35890597105026245
-0.535381555557251
0.4799804985523224
0.43540334701538086
-0.40769240260124207
0.4494895935058594
0.610651969909668
-0.17506738007068634
0.49375760555267334
-0.00446526613086462
0.2437305748462677
0.0960136279463768
-0.17181865870952606
0.2107110172510147
0.18246351182460785
0.719310998916626
-0.21081236004829407
-0.30577707290649414
0.3945428729057312
0.29446202516555786
0.0038179424591362476
0.0638236477971077
0.604149580001831
0.8381298780441284
0.4869934618473053
1.2150092124938965
0.38446244597435
0.4345048666000366
-0.023976843804121017
-0.12622575461864471
0.6174131035804749
0.514594554901123
0.22452504932880402
0.042623721063137054
0.6469331979751587
0.22308336198329926
0.10755224525928497
-0.24936194717884064
0.25280722975730896
0.028810961171984673
0.08176861703395844
0.349061518907547
0.512130081653595
-0.13701295852661133
0.34220486879348755
-0.01109900139272213
0.02603031136095524
0.19851450622081757
0.18237312138080597
0.8236508369445801
0.6976736783981323
0.27728572487831116
0.4120940864086151
0.20888036489486694
0.5266441106796265
0.571453332901001
0.4078662395477295
0.615705668926239
0.8017074465751648
-0.015596169047057629
0.1873459666967392
0.2678183615207672
-0.1467783898115158
0.16419830918312073
-1.583115577697754
-0.3150138258934021
-0.008413499221205711
-0.05088977515697479
0.6356158256530762
0.4888087213039398
0.11655651777982712
0.45942243933677673
0.16963601112365723
0.44123542308807373
0.49378564953804016
0.05928579345345497
-0.15990383923053741
0.3543921709060669
0.3393738567829132
0.015732688829302788
0.08540139347314835
0.3783990144729614
0.5695223212242126
-0.14366424083709717
0.11895544081926346
-0.23991677165031433
0.31958886981010437
0.1457843780517578
0.39970946311950684
-0.25128746032714844
-0.28562426567077637
-0.03781108185648918
0.35177597403526306
-0.17009694874286652
0.4093203842639923
0.27284857630729675
0.024812016636133194
0.3468138873577118
0.8311165571212769
-0.17709118127822876
0.06692253798246384
0.08988995105028152
0.1934608817100525
0.33088675141334534
0.5686514377593994
0.2764235734939575
0.44571617245674133
0.503769040107727
0.6025643348693848
0.5288777351379395
0.05774887278676033
-0.21436737477779388
0.3289319574832916
-0.31232887506484985
-0.40677961707115173
0.2225799709558487
-0.5252577066421509
0.38369375467300415
0.08280781656503677
-0.2582799196243286
0.15108352899551392
-0.1451365351676941
0.07857216149568558
0.19863103330135345
0.6231999397277832
-0.13421966135501862
0.16449113190174103
0.5112122297286987
0.7566377520561218
0.025740088894963264
0.6205254197120667
0.5803931951522827
0.6181919574737549
-0.18339745700359344
0.6554524898529053
0.46613630652427673
0.32054567337036133
0.19880661368370056
0.4788808524608612
0.5971148014068604
0.14655296504497528
0.4788273274898529
-0.2204647660255432
0.1250494122505188
0.3725856840610504
0.7462549209594727
0.09926991164684296
-0.0824403390288353
-0.06450770050287247
0.32772329449653625
-0.029147058725357056
0.5060031414031982
0.5629422068595886
0.17224793136119843
0.12741361558437347
0.017220016568899155
0.556839644908905
0.8330063223838806
-0.02902224101126194
0.038750987499952316
0.21258802711963654
0.3349217474460602
-0.46591660380363464
-0.011226534843444824
0.20319102704524994
0.14243364334106445
0.17623412609100342
0.26344889402389526
-0.25777870416641235
0.16503973305225372
0.2137901484966278
0.03101767785847187
0.057716865092515945
0.062449824064970016
0.3877688944339752
-0.07146704941987991
-0.11924321204423904
0.2760651409626007
0.1894148737192154
0.5260676145553589
0.1498345583677292
-0.6017956137657166
0.08247318863868713
-0.33991801738739014
0.44495224952697754
0.015964878723025322
-0.07409261912107468
0.03983532637357712
0.6647025942802429
-0.12518727779388428
0.316683828830719
-0.328159362077713
-0.0825156718492508
0.0983290821313858
0.3983694016933441
0.38983938097953796
0.6539165377616882
0.8021118640899658
0.2742125988006592
-0.18907630443572998
0.33529162406921387
0.4348171055316925
0.3493984639644623
-0.0455252006649971
0.3248589336872101
0.048661213368177414
0.45173922181129456
0.46113961935043335
-0.2656521201133728
-1.7845368385314941
-0.3888457119464874
-0.014797019772231579
0.021786298602819443
0.20822115242481232
0.018447251990437508
-0.03132738918066025
0.07606871426105499
-0.12848883867263794
0.10763287544250488
-0.5845685005187988
0.10920354723930359
0.5185646414756775
0.11806077510118484
0.17433659732341766
0.35973745584487915
0.5750511884689331
0.29849112033843994
0.17928025126457214
-0.07043195515871048
0.155175119638443
0.5983307957649231
0.051532723009586334
0.28762808442115784
-0.1445610225200653
0.27055472135543823
0.5696790814399719
0.2650007903575897
-0.32496172189712524
0.483115017414093
0.6730547547340393
0.11495442688465118
0.7376475930213928
0.12374312430620193
0.3386515974998474
0.1919369101524353
0.23940154910087585
0.32445207238197327
0.9640727043151855
0.09442545473575592
0.6872892379760742
0.6852632164955139
0.6239604949951172
0.314350962638855
0.0791340246796608
0.4323819875717163
0.14049483835697174
0.5674132704734802
0.39065417647361755
0.5274026989936829
-0.10252503305673599
-1.2877411842346191
0.44384026527404785
-0.20889095962047577
-0.013554226607084274
0.19000019133090973
0.14086897671222687
-0.2354927510023117
-0.08065906167030334
0.44388219714164734
0.38116538524627686
0.05879350006580353
0.5424870252609253
0.4559048116207123
-0.5963603854179382
0.1362447440624237
1.0142320394515991
0.35208427906036377
-1.3272303342819214
-0.29873794317245483
0.4735061228275299
0.7314062118530273
0.5305323004722595
0.46764740347862244
0.20098771154880524
-0.1567322015762329
0.4007103145122528
0.09964164346456528
-0.5719295740127563
0.7333565354347229
-0.17717695236206055
-0.13614805042743683
0.22018206119537354
0.38336995244026184
0.02142268233001232
-0.08848538249731064
-0.3133503794670105
0.4048044979572296
0.46569061279296875
0.539209246635437
-0.09558123350143433
0.06333950161933899
0.05126091465353966
0.3979954123497009
-0.10541942715644836
-1.090641975402832
0.19910289347171783
0.5262105464935303
-0.3577274680137634
0.08668308705091476
-0.1518275886774063
-0.23939678072929382
0.35914620757102966
0.5383404493331909
0.48760953545570374
0.210123673081398
0.06047513335943222
0.10307582467794418
0.6438157558441162
0.04106147959828377
0.4277060031890869
0.23490403592586517
0.054781973361968994
0.11769923567771912
0.39031973481178284
-0.06431858241558075
-0.12865418195724487
0.5547880530357361
0.37365996837615967
-0.10841001570224762
-0.1164017766714096
0.5338147282600403
0.5491466522216797
0.056996747851371765
-0.04586184024810791
0.2561238408088684
0.36630579829216003
0.34805670380592346
0.850993812084198
0.9534913897514343
0.5956147313117981
0.6753422617912292
0.01851736754179001
0.4429681897163391
0.7691094875335693
0.23813146352767944
0.09927555173635483
0.06271787732839584
0.08131849020719528
0.4604156017303467
0.12244801223278046
0.7327105402946472
-0.20067521929740906
-0.19839347898960114
0.5162840485572815
0.05687179043889046
0.20240449905395508
0.10185721516609192
0.4112069010734558
-0.1953321248292923
0.18959644436836243
0.28161415457725525
-0.027439285069704056
0.5092611908912659
0.0011929000029340386
0.5159589648246765
0.39959225058555603
0.1752929389476776
0.03941502422094345
0.008055972866714
0.28291693329811096
-0.1409744769334793
0.5192230939865112
0.418867826461792
0.3259603977203369
0.3032997250556946
0.21400593221187592
0.062322311103343964
0.5198992490768433
0.050056006759405136
0.4097115099430084
0.30502650141716003
0.24643370509147644
0.0957765057682991
0.5721765160560608
0.40456733107566833
0.33861932158470154
0.497836709022522
0.2244904339313507
0.23931622505187988
0.3397395610809326
0.477084755897522
0.5673699975013733
0.07953377068042755
0.6161273121833801
0.588939368724823
0.16469377279281616
-0.08671974390745163
-0.008374975994229317
0.42434293031692505
0.13927525281906128
0.729809045791626
0.37893325090408325
0.15291821956634521
0.17289243638515472
0.5185745358467102
0.6749361157417297
0.7298693656921387
0.5195637941360474
0.5349269509315491
0.007669949904084206
0.4930151402950287
-1.7273932695388794
-0.296359658241272
0.17097243666648865
0.14318940043449402
0.3577120900154114
0.12948690354824066
0.05374022200703621
-0.026415681466460228
0.5493394136428833
0.1930738240480423
0.059016261249780655
0.5117220282554626
0.3576672673225403
0.4511511027812958
0.1657273769378662
0.06669686734676361
0.509922981262207
0.3838491439819336
0.24505464732646942
0.20568415522575378
0.18453480303287506
0.2167019546031952
0.26568037271499634
0.7107484936714172
0.6382395029067993
0.3346807062625885
0.11787956207990646
0.3496183454990387
0.11062539368867874
0.7016134262084961
0.20214256644248962
0.7738215923309326
0.7467924952507019
-0.11323367804288864
-0.0509391687810421
0.048479221761226654
0.17007961869239807
0.5590726733207703
0.6165516972541809
0.06399954855442047
0.4199833571910858
-0.40500032901763916
0.06307883560657501
0.15151499211788177
0.3094131648540497
0.22532549500465393
0.29994937777519226
0.3437142074108124
0.5071668028831482
0.2873472273349762
-0.30165550112724304
0.0975862368941307
-0.042557165026664734
0.057858146727085114
0.4463944733142853
0.02108006738126278
0.2959353029727936
0.4867711663246155
0.22714219987392426
0.07541775703430176
0.3737020790576935
-0.0006705004489049315
-0.11753440648317337
0.1101544052362442
0.5134881734848022
0.28857704997062683
0.20404288172721863
0.5639612078666687
0.7710908055305481
0.34790661931037903
0.4171923100948334
0.5245507955551147
0.16340962052345276
0.639782726764679
0.45956292748451233
-0.7262430787086487
0.4405515193939209
-0.018554387614130974
0.016951603814959526
-0.248140349984169
-0.16703608632087708
0.34366574883461
0.22561690211296082
0.7886555790901184
0.2763592004776001
1.3505985736846924
0.3771139681339264
1.040092945098877
-0.15399956703186035
-0.096978560090065
-0.29939547181129456
0.4150679409503937
-0.15057112276554108
0.2122565507888794
0.023423543199896812
0.49801915884017944
-0.7604262828826904
-0.09000364691019058
0.49150291085243225
0.3531379997730255
-0.021155472844839096
-0.003430176293477416
0.08866626769304276
-0.2971191704273224
0.30279505252838135
-0.059143416583538055
-1.8384989500045776
0.25167393684387207
0.26611390709877014
-0.4556298553943634
-2.1135501861572266
-0.13974705338478088
0.26458558440208435
0.0729822963476181
0.138161763548851
0.5393515229225159
0.21749715507030487
-0.2589276432991028
0.3027758002281189
0.27227285504341125
0.1219732016324997
0.344273179769516
0.39238935708999634
-0.5050114393234253
0.023295003920793533
-0.13734261691570282
0.32844915986061096
0.07730801403522491
0.12680137157440186
0.6512190699577332
-0.04582393169403076
-0.36825329065322876
-0.26354271173477173
0.14417803287506104
0.10174256563186646
0.2744283974170685
0.027347009629011154
-0.20780862867832184
-0.003589077852666378
0.6417753100395203
0.05632506310939789
0.09578081965446472
0.2699702978134155
0.43929487466812134
0.6029644012451172
-0.09638118743896484
-0.42490845918655396
0.5556371808052063
0.1055581271648407
0.22802004218101501
-0.44090548157691956
0.5601533055305481
0.2248307168483734
0.30688849091529846
0.0035324646160006523
0.6155537962913513
0.12532278895378113
0.10691794753074646
0.30100539326667786
0.5324112176895142
-0.19292479753494263
0.19049780070781708
0.1843264400959015
0.4730563163757324
0.46071094274520874
0.32895806431770325
0.15305320918560028
-0.13045121729373932
0.3043842017650604
0.15154166519641876
0.1004718691110611
0.017963483929634094
0.4101550281047821
0.5617929100990295
0.5153160095214844
0.02357422187924385
0.2850295305252075
0.5310402512550354
0.44011935591697693
0.08560400456190109
0.39111706614494324
-0.427110493183136
0.055781058967113495
0.2705764174461365
0.09313952177762985
0.6275874376296997
-0.17078879475593567
-0.3631477952003479
0.24232935905456543
0.3347640037536621
0.16214697062969208
0.3752559721469879
0.11903594434261322
0.1704171597957611
-0.3272712826728821
0.6509950757026672
-0.013768736273050308
0.03479580581188202
0.3701932728290558
-0.09808295220136642
0.23568090796470642
0.2745303213596344
-0.022081393748521805
-0.3848804831504822
0.08459242433309555
0.05332488939166069
-0.2393481731414795
0.39523276686668396
0.1513417512178421
0.020624656230211258
0.18126949667930603
0.19204002618789673
0.20187632739543915
0.11016029119491577
0.005924921482801437
-0.02555251307785511
0.2888924777507782
0.6718911528587341
0.10289005935192108
-0.007311082445085049
0.6001348495483398
0.13345690071582794
-0.32933470606803894
-0.6474536657333374
0.22755703330039978
-0.022672325372695923
0.0786205306649208
0.17744047939777374
-0.29097980260849
0.3533312678337097
-0.05188889801502228
-0.5430855751037598
-0.06137518584728241
0.7543604373931885
-0.09931961447000504
0.36425668001174927
-0.01074239145964384
-0.18627344071865082
0.35674911737442017
-0.03946564719080925
0.14494654536247253
0.025780024006962776
0.404988557100296
0.4499964714050293
0.15645746886730194
-0.08326757699251175
0.3438129723072052
0.04665716364979744
0.5078520774841309
-0.331032395362854
0.44416630268096924
-0.034926798194646835
0.044831711798906326
0.3602922558784485
0.4684078097343445
0.37401124835014343
0.6341084837913513
0.9188793301582336
0.018313027918338776
0.30495932698249817
0.32687681913375854
-0.14560525119304657
0.06512465327978134
-0.020500246435403824
0.8537026643753052
0.12458577752113342
0.19250613451004028
0.008534816093742847
-0.4479978084564209
0.38791391253471375
0.1156967356801033
0.5630756616592407
0.010786307044327259
0.3542783558368683
-0.32290565967559814
-0.060365140438079834
0.2741718590259552
-0.529707670211792
0.15044818818569183
-0.03087787516415119
0.2761038839817047
0.21055404841899872
-0.09565481543540955
-0.06396906822919846
0.10320818424224854
-0.04208025336265564
0.3868553638458252
0.2078772485256195
0.2754835784435272
0.11947102099657059
0.4034634530544281
0.028680315241217613
0.1209956705570221
0.38395971059799194
-0.02694222331047058
0.8658161163330078
0.6312940716743469
-0.20411205291748047
0.5750779509544373
0.45889604091644287
0.6743804216384888
0.21265403926372528
0.19402219355106354
0.1578051596879959
0.8243976831436157
-0.2209671437740326
-0.2670236825942993
-0.0378580167889595
0.47069406509399414
-0.10164669156074524
0.44584566354751587
-0.12353765964508057
0.16476522386074066
0.306171178817749
0.3995966613292694
0.31945478916168213
0.387470006942749
0.007311511784791946
0.11521611362695694
0.6088367700576782
0.072512187063694
0.8215345740318298
0.0268547460436821
0.6601902842521667
0.14951014518737793
0.4082389175891876
0.28898537158966064
0.2035665065050125
-2.6164748668670654
0.5902615785598755
-0.24652798473834991
0.3569945991039276
-0.2850542366504669
-0.027116987854242325
-0.0071490975096821785
0.11067324131727219
0.17042402923107147
0.18410657346248627
-0.015381081961095333
0.30625730752944946
0.04391544684767723
0.5387352108955383
0.21708568930625916
0.23126527667045593
-0.19900625944137573
0.2954432964324951
-0.060848817229270935
0.12147399038076401
-0.13536319136619568
0.1010160744190216
-0.5712347030639648
0.18163923919200897
0.30807021260261536
-0.002731701824814081
0.7321481108665466
0.01544562354683876
0.21131779253482819
0.4473040997982025
0.3297137916088104
0.3190781772136688
-0.09758330136537552
0.4469526708126068
0.25631725788116455
0.3835637867450714
0.11891117691993713
0.12787683308124542
0.3891772925853729
0.6447198987007141
0.050724487751722336
0.6027289628982544
0.35092031955718994
0.8503307700157166
0.098043292760849
0.543372631072998
0.2425326257944107
0.5096518993377686
0.7530319690704346
0.6350494027137756
0.13755486905574799
-1.4343147277832031
0.5255609154701233
0.19550782442092896
0.4111054837703705
-0.17971815168857574
-0.18097123503684998
0.4943133592605591
0.7642052173614502
0.22940698266029358
0.18226033449172974
-0.015878241509199142
0.27445173263549805
0.40095236897468567
-0.0314517468214035
-0.21758854389190674
-0.4046248197555542
0.32554617524147034
0.3578964173793793
-0.09963080286979675
0.34623655676841736
0.3520727753639221
0.32551446557044983
0.5261869430541992
0.4491516947746277
0.47017964720726013
0.17924222350120544
-0.03384672477841377
0.29311904311180115
0.3636637330055237
0.04524535313248634
1.21578049659729
0.2738264203071594
0.3525463342666626
-0.005857494194060564
-0.23808421194553375
0.2809564471244812
0.116034135222435
0.2694832682609558
-0.2649233639240265
-0.13067610561847687
0.26297542452812195
2.1839306354522705
1.100624442100525
0.25848159193992615
-0.16004587709903717
0.7312213778495789
0.5069200396537781
0.6168093681335449
0.3506602644920349
0.4438232481479645
0.8584151268005371
0.3005966246128082
0.021739032119512558
0.44273000955581665
0.2054949402809143
0.09397026896476746
1.0033398866653442
0.3079160451889038
-0.13685378432273865
0.12751291692256927
0.12972195446491241
0.31424105167388916
0.4668189585208893
0.47930991649627686
0.21595585346221924
0.32625412940979004
-0.2286536991596222
0.41262322664260864
-0.5935729742050171
0.2854712903499603
0.8870624899864197
1.2321314811706543
0.1361561119556427
0.16979773342609406
0.5144691467285156
-0.021194003522396088
0.2723851203918457
0.23940852284431458
0.312887966632843
0.7183974385261536
0.6118976473808289
0.042619507759809494
0.33470141887664795
0.35093897581100464
0.38383305072784424
-0.11618003249168396
0.23088090121746063
0.10737624764442444
0.46234628558158875
0.27925533056259155
0.35525330901145935
0.17036330699920654
0.9339516162872314
-0.27054280042648315
-1.5332236289978027
0.49173057079315186
0.5241681933403015
0.028287984430789948
0.20908111333847046
-0.21598535776138306
0.5001477003097534
0.33744776248931885
-0.2010873407125473
0.11846819519996643
0.6697530746459961
0.6944304704666138
0.5296621322631836
-0.2111758291721344
0.6099134683609009
-0.07174273580312729
0.2694237232208252
-0.5596787929534912
0.4889300465583801
0.29898741841316223
-0.10472475737333298
-0.28347519040107727
-0.22649803757667542
0.1655147671699524
0.07267044484615326
0.09459242224693298
-0.07980754226446152
0.7049872279167175
-0.1202789843082428
0.09499365091323853
-0.4567260444164276
-0.01206015795469284
0.08434542268514633
0.369013249874115
0.11141280829906464
0.7968430519104004
0.3700988292694092
0.8541316986083984
0.4625016450881958
0.412387490272522
0.8962275385856628
-0.4710080921649933
-0.002855365863069892
-0.38054561614990234
0.07301003485918045
-0.24680213630199432
-0.2063826471567154
0.1876802295446396
0.7115622162818909
0.2579115033149719
-0.38948729634284973
0.3296165466308594
-0.026647893711924553
0.7117244005203247
0.06220872700214386
0.4022860527038574
0.18355198204517365
0.04875468835234642
0.45791247487068176
0.1516113430261612
0.48994681239128113
0.28925785422325134
0.10063023120164871
0.5100418925285339
0.3721179962158203
0.17733418941497803
0.160635843873024
0.2570587992668152
0.4376138150691986
0.37922927737236023
0.19625216722488403
0.11226527392864227
0.33980217576026917
0.3078714907169342
-0.01743682473897934
0.30623382329940796
0.16931301355361938
-0.42875802516937256
0.10561112314462662
0.43293794989585876
-0.06798422336578369
0.2843230068683624
0.7753275632858276
0.4437151253223419
-0.20940490067005157
0.2903082072734833
0.8282678127288818
0.2609989047050476
0.11396156251430511
0.18229804933071136
0.3950973153114319
-0.12227584421634674
0.4863413870334625
0.4822418987751007
0.8158265352249146
0.39704152941703796
0.3970682621002197
0.07382608950138092
0.09641215205192566
0.31239938735961914
0.05855690315365791
0.053193509578704834
0.3290901184082031
0.11371351033449173
0.39513906836509705
-0.08461703360080719
0.12309975177049637
-0.09087193757295609
0.2941412031650543
-0.37303391098976135
0.2318802922964096
0.4185326099395752
-0.6348501443862915
0.3841117024421692
0.6419943571090698
-0.5322823524475098
0.1118624359369278
-0.43536052107810974
-0.24691878259181976
0.08416935056447983
-0.26410698890686035
-0.36219659447669983
0.46267443895339966
0.29413139820098877
0.6854404211044312
0.42539387941360474
-0.1849127858877182
-0.10466009378433228
0.5997048616409302
0.8073943257331848
0.5668120384216309
-0.388337641954422
0.5392915606498718
0.46181148290634155
0.0016303523443639278
-0.06318249553442001
0.3580288589000702
0.2461686134338379
-0.4737686812877655
-0.05254316329956055
0.5039689540863037
0.29207634925842285
0.3498554229736328
0.34498584270477295
-0.3966883420944214
0.6316934823989868
0.018872492015361786
0.20879477262496948
-0.055700767785310745
-0.30721840262413025
0.09075407683849335
0.39107707142829895
-0.07536524534225464
0.7004717588424683
0.35529783368110657
0.2494068443775177
0.3480257987976074
0.3307240307331085
0.34677961468696594
-0.25873252749443054
0.06362348794937134
0.3567356467247009
0.41554149985313416
-0.018267003819346428
0.10508610308170319
0.324445903301239
-0.517450749874115
0.08076730370521545
0.17753873765468597
0.1692975014448166
0.30862903594970703
0.44509357213974
0.3978211283683777
0.15348458290100098
0.38507577776908875
0.4709778130054474
0.4535529315471649
0.20038186013698578
-0.008428904227912426
0.0036214343272149563
0.0035975524224340916
-0.21878156065940857
0.13843244314193726
0.06819593161344528
0.3458439111709595
0.3103586733341217
-1.2823596000671387
0.35772547125816345
0.16045337915420532
0.01079231221228838
-0.009887776337563992
-0.2101442962884903
-0.11572546511888504
-0.30495983362197876
0.5169219970703125
0.2604685127735138
0.4613730311393738
0.6073299646377563
0.34365183115005493
-0.07998292148113251
0.0011401709634810686
0.08109119534492493
0.40303924679756165
0.33595800399780273
0.2653762102127075
0.654344379901886
0.2591511309146881
-0.02140120044350624
0.1185416653752327
-0.18841072916984558
0.009900296106934547
0.42499297857284546
0.8261697292327881
0.5464673042297363
0.18381479382514954
-0.5504831075668335
0.2293744534254074
0.31511518359184265
-0.010496119037270546
0.3186984062194824
0.1544189155101776
-0.7431919574737549
0.04712694138288498
0.12713071703910828
0.768216609954834
-0.1428944617509842
0.6416899561882019
0.04264973849058151
0.5061469078063965
-0.025175198912620544
-0.23465901613235474
-0.01829037442803383
-0.3759614825248718
0.15154235064983368
0.4491874873638153
0.3563022315502167
0.27893131971359253
0.21750788390636444
0.3417474329471588
0.44465118646621704
0.2990361154079437
0.18524233996868134
0.45351168513298035
0.2522221803665161
-0.08039506524801254
0.418617308139801
0.09672211855649948
0.2567043900489807
0.300422728061676
0.4992663264274597
-0.274787575006485
-0.08636061102151871
0.11759405583143234
0.21879123151302338
0.026039445772767067
0.07870069891214371
0.048706915229558945
0.7034243941307068
-0.145175039768219
-0.30861571431159973
0.16145099699497223
0.2823956310749054
0.3069268763065338
0.33651798963546753
0.04933325573801994
0.47296062111854553
-0.23344917595386505
0.23501667380332947
-0.04561644047498703
-0.24143370985984802
0.492389440536499
0.10002335160970688
0.6527080535888672
0.09894507378339767
-0.3678688406944275
0.24727489054203033
-0.2434394210577011
-0.04803517088294029
-0.2022135853767395
0.31260037422180176
0.30004870891571045
0.5166711211204529
0.4618068337440491
0.15241828560829163
-0.04192676022648811
1.3006561994552612
-0.27309685945510864
0.15089821815490723
-0.12430979311466217
-0.19328303635120392
0.3764146864414215
0.1320641189813614
0.13386930525302887
0.20764121413230896
-0.46595343947410583
0.2946125268936157
0.43921080231666565
0.45310238003730774
-0.0759059339761734
-0.21763373911380768
0.4371219277381897
0.6904171705245972
-0.7179306745529175
0.36618879437446594
-0.0031795960385352373
0.14023733139038086
0.3641852140426636
0.43482518196105957
-0.11146672815084457
0.5820613503456116
0.30311474204063416
1.0385639667510986
0.17770133912563324
0.36700546741485596
0.0017545599257573485
-0.024233151227235794
0.09975890815258026
0.13701272010803223
-0.41205063462257385
-0.5004537105560303
-0.05789921432733536
0.2121015042066574
0.23989245295524597
-0.06800881028175354
0.3211804926395416
0.07655255496501923
0.5419849753379822
-0.15705506503582
-0.08601920306682587
0.46761438250541687
0.042996279895305634
-0.2933152914047241
0.21780402958393097
0.523440420627594
0.2934458553791046
0.30202946066856384
0.09298287332057953
0.018738972023129463
0.043381545692682266
-0.30167263746261597
0.1802816241979599
-0.35343441367149353
-0.2108408659696579
0.5104478597640991
0.37089523673057556
0.18009258806705475
0.9929238557815552
-0.5735040903091431
0.1354963183403015
0.5304115414619446
0.3396074175834656
0.32199037075042725
0.45654797554016113
-0.0331290140748024
0.044046781957149506
0.27186644077301025
-0.24121201038360596
0.35440659523010254
0.2635834217071533
-0.0901629775762558
0.4324899911880493
0.6524748802185059
0.3908980190753937
0.5145764350891113
0.15096905827522278
0.18478471040725708
0.1639474779367447
0.5484592318534851
0.5068084597587585
0.1178896576166153
0.449049174785614
-0.20096518099308014
0.012754591181874275
-0.029139455407857895
0.24409577250480652
0.33807438611984253
0.27688172459602356
0.4315537214279175
0.13646665215492249
0.4018288254737854
-0.06244724988937378
0.1906692087650299
0.22222617268562317
-0.08086392283439636
-0.04478469863533974
-0.1633499711751938
0.4557318687438965
0.043189164251089096
0.6386671662330627
0.6853340864181519
-0.08709179610013962
0.2332819551229477
0.8351575136184692
-0.15958523750305176
0.700370192527771
0.529050350189209
-0.1740463525056839
0.12941592931747437
0.1257273256778717
0.2747393548488617
0.2440817505121231
0.35012856125831604
0.323056697845459
0.35866209864616394
0.052334509789943695
0.2984548807144165
0.055674657225608826
0.28354349732398987
-0.18326826393604279
0.6883533000946045
0.09244824945926666
-0.12435511499643326
-0.1415470540523529
0.3749595582485199
0.4704883396625519
0.324548602104187
0.07526978850364685
-0.007788273971527815
-0.15292972326278687
0.7900635600090027
0.04645931348204613
0.1747959554195404
0.34030789136886597
0.11849876493215561
-0.4241369366645813
1.172318935394287
0.013079949654638767
0.0730629414319992
0.03876326605677605
0.06553874909877777
0.4234216511249542
0.4074013829231262
-0.007695388980209827
0.12824217975139618
0.4057886600494385
0.47996291518211365
0.09957505762577057
-0.24612675607204437
0.054190412163734436
0.09651490300893784
0.035027243196964264
0.3723655343055725
0.0566873662173748
0.10824967175722122
0.24133047461509705
-0.04379216581583023
-0.20157651603221893
-0.14923563599586487
0.04109479859471321
0.26325830817222595
0.3173576593399048
0.3976350724697113
-0.18175417184829712
-0.10854122042655945
-0.017040638253092766
0.6380332112312317
-0.014537335373461246
0.032082922756671906
-0.0466160774230957
0.31185322999954224
-0.2654748558998108
0.3123459219932556
0.175266295671463
0.23110201954841614
0.15802577137947083
0.07357479631900787
0.4464987814426422
0.11467409878969193
0.0297946035861969
0.47841203212738037
0.03883758559823036
0.05609748512506485
0.9676695466041565
0.2797415256500244
0.09024588763713837
0.1378314197063446
0.1714860051870346
0.23748479783535004
0.5187432765960693
0.2175254374742508
-0.1645747423171997
-0.1728162318468094
-0.004381272941827774
0.25647392868995667
0.464714914560318
0.19987647235393524
0.04532976821064949
0.06933984905481339
-0.007307598367333412
-0.030695488676428795
0.012265483848750591
0.3582770526409149
-0.1387757509946823
-0.14179536700248718
0.6370924711227417
0.24026183784008026
0.08510453253984451
-0.29255083203315735
0.20339256525039673
-0.2917436957359314
-0.048472460359334946
0.07514962553977966
0.2983629107475281
-0.0580427348613739
0.29586413502693176
0.2286946177482605
0.45086732506752014
0.48856067657470703
-0.13388553261756897
-0.060170017182826996
0.3256794810295105
0.2949194014072418
-0.40673312544822693
-0.12775494158267975
-0.4899100065231323
0.17100036144256592
0.7729732990264893
-0.23745010793209076
-0.280938982963562
0.039449408650398254
0.1302957683801651
0.174490824341774
0.055171988904476166
-0.004355020821094513
0.5864249467849731
0.3339295983314514
-0.0003962049959227443
0.444796621799469
0.2567717730998993
0.10272008925676346
0.38116422295570374
0.19486914575099945
0.38968735933303833
0.03583691641688347
-0.04999646171927452
-0.025972936302423477
0.3627866804599762
0.22409985959529877
0.23343300819396973
0.6706686615943909
0.4590229094028473
0.03099873848259449
0.47953811287879944
0.3181099593639374
0.3010822832584381
0.06656807661056519
0.17901436984539032
0.08604463189840317
0.23498953878879547
0.42804887890815735
0.6241369843482971
0.33081620931625366
0.2698192596435547
0.15454943478107452
0.03199911117553711
-0.0933385118842125
0.421360582113266
0.09884271770715714
0.44247347116470337
0.7550382018089294
-0.1001981645822525
0.25301018357276917
0.3654339611530304
0.16738571226596832
0.0872725322842598
0.1706693321466446
0.04124288633465767
-0.25996607542037964
0.5297470092773438
0.22545351088047028
0.2280040830373764
0.06304372102022171
0.28713375329971313
0.015346217900514603
0.2745356559753418
0.22558723390102386
0.4329431354999542
-0.37978991866111755
0.20085030794143677
0.45029154419898987
0.7747893333435059
0.42497724294662476
0.2672919034957886
0.08276938647031784
-0.08946195989847183
-0.03928636759519577
0.5869042873382568
0.7520947456359863
0.32857510447502136
-0.5917946100234985
0.1475442349910736
0.7660995125770569
0.5699262619018555
0.10267452895641327
-0.16535769402980804
0.5521125793457031
0.12783151865005493
0.22894546389579773
0.402606338262558
-0.27641648054122925
0.18301688134670258
0.11158053576946259
-0.006518827751278877
0.39421358704566956
0.3827224671840668
0.31409499049186707
-0.13553404808044434
-0.19085252285003662
0.49065154790878296
0.8054161071777344
0.29385629296302795
0.09017239511013031
0.409231036901474
0.07945836335420609
0.186721533536911
0.06757964193820953
0.09950490295886993
0.5376036763191223
0.2688177824020386
0.41250914335250854
0.43116965889930725
0.01632743515074253
0.20404057204723358
0.33556121587753296
0.14203661680221558
0.4049460291862488
0.5380524396896362
0.11502236872911453
0.36891382932662964
0.45111921429634094
0.4792056381702423
-0.06489846110343933
0.4557487666606903
0.6277226209640503
0.33871862292289734
0.2745750844478607
0.3511198163032532
0.11174727976322174
0.027047090232372284
0.08787363022565842
-0.3316993713378906
-0.28951412439346313
0.4378068149089813
0.3881571292877197
0.353411465883255
0.25411391258239746
0.4738260805606842
0.33658307790756226
-0.041310857981443405
-0.016982410103082657
0.30645227432250977
0.07835634797811508
0.6476311683654785
0.29234302043914795
-0.17050859332084656
0.42601487040519714
-0.0773039162158966
0.3554283380508423
0.1800762414932251
0.0757521465420723
0.08489543944597244
0.20390857756137848
0.42406925559043884
-0.1929207295179367
-0.04128570482134819
0.27653664350509644
-0.03753279894590378
0.0028336714021861553
0.14187411963939667
0.3166077435016632
-0.497906357049942
0.07494780421257019
0.6134442090988159
0.6438660621643066
0.3391391336917877
-0.13977473974227905
0.13833647966384888
0.1765178143978119
0.15700992941856384
-0.09731774777173996
0.1473263055086136
0.07663813978433609
0.5437412261962891
0.11608440428972244
-0.08040807396173477
-0.0441565215587616
0.38148701190948486
-0.8278244137763977
0.20104850828647614
-0.1457929164171219
0.5908472537994385
0.06346488744020462
0.43840116262435913
0.7296023964881897
0.4344080686569214
-0.30320268869400024
-0.026415366679430008
0.5081650614738464
-0.44670814275741577
0.20042972266674042
-0.17722508311271667
0.10875661671161652
0.20599265396595
0.07153104990720749
0.16988109052181244
0.044221509248018265
-0.06259017437696457
0.09741774946451187
-0.06342843919992447
-0.8916289210319519
-0.29623711109161377
0.05907434597611427
0.7903789281845093
0.03651311993598938
0.6298378705978394
0.22475665807724
0.19059687852859497
-0.006627978291362524
0.2014143019914627
0.45867034792900085
0.13239414989948273
-0.21157202124595642
0.48100975155830383
0.18767012655735016
-0.3024015426635742
0.15891540050506592
0.0966482162475586
0.07446891069412231
-1.6389650106430054
0.13951745629310608
0.6747234463691711
0.46413373947143555
-0.018494563177227974
-0.4053010642528534
0.0801176056265831
0.12729156017303467
-0.08371805399656296
0.2106824666261673
0.011838199570775032
0.1948692351579666
0.7080255746841431
-0.3871770203113556
0.44945165514945984
0.18023476004600525
-0.15067218244075775
0.15271417796611786
1.4406315088272095
-0.22673474252223969
0.6595051288604736
0.004793399013578892
-0.19386817514896393
0.752586841583252
-0.07014233618974686
-0.2335672527551651
0.09371751546859741
0.11366653442382812
0.1350041925907135
0.41211557388305664
0.1307106912136078
-0.09529544413089752
0.27699631452560425
-0.5775496959686279
0.3052147924900055
0.35174259543418884
-0.030824320390820503
0.13248305022716522
-0.1073262169957161
0.39759403467178345
0.2035910040140152
0.13101826608181
-0.1555691659450531
0.03688398003578186
0.5196473002433777
0.6571919918060303
-0.10290632396936417
-0.04244400933384895
0.01221068948507309
0.3202950954437256
-0.042563412338495255
0.5513681173324585
0.21517102420330048
0.29004213213920593
0.6063582897186279
0.6404674649238586
0.5009864568710327
0.3168933391571045
0.662200391292572
-0.13053032755851746
0.3675956428050995
-0.6362296938896179
0.3774084448814392
0.3002551198005676
0.3118920922279358
0.1824866533279419
-0.03194097429513931
0.08482211083173752
0.5793304443359375
0.3181210160255432
-0.12733760476112366
0.1418171226978302
0.1261742264032364
0.27603423595428467
0.3067948818206787
0.14506839215755463
0.32155928015708923
0.47012972831726074
-0.10308549553155899
-0.2219439148902893
0.580106794834137
0.32270893454551697
-0.056751202791929245
0.7078317403793335
0.5929164886474609
0.4270203113555908
0.026162397116422653
-0.3486267030239105
-0.14513587951660156
0.49193814396858215
0.49414846301078796
0.3852936029434204
0.4051911532878876
0.32036858797073364
0.14410531520843506
0.10966216772794724
-0.12180259078741074
0.3352292776107788
0.349023699760437
-0.11340051889419556
-0.08791174739599228
0.240983784198761
0.14561443030834198
0.3522208631038666
0.09590610861778259
0.30106163024902344
0.442011296749115
0.2935654819011688
-0.1074688583612442
-0.31478285789489746
0.5443735122680664
0.45221346616744995
0.05050893500447273
0.46602463722229004
-0.03693301975727081
-0.20514439046382904
-0.20621401071548462
0.6768498420715332
0.2535223364830017
0.30405735969543457
-0.059924252331256866
0.2749086320400238
0.7796276807785034
0.18302500247955322
-0.12295020371675491
0.02118978090584278
0.11303297430276871
0.06327329576015472
0.1863383799791336
-0.13120108842849731
0.035990841686725616
0.18843014538288116
0.02532256953418255
0.18454870581626892
-0.12486132234334946
0.24841225147247314
0.33779606223106384
0.1881982982158661
0.08974792063236237
0.08222929388284683
-0.05829261615872383
-0.15125423669815063
0.11426664143800735
0.48509225249290466
0.4728374779224396
0.07106465101242065
0.13225042819976807
0.4458775222301483
0.2210170328617096
0.36319175362586975
0.5233429670333862
0.32233864068984985
0.34689968824386597
0.2640902101993561
-0.05209333449602127
-0.26419797539711
0.3155847489833832
0.308148592710495
0.07749883085489273
0.20541909337043762
0.5832258462905884
-0.028740039095282555
