-0.1010042056441307
-0.08116619288921356
0.12523655593395233
-0.007389707490801811
-0.1860913783311844
0.16064132750034332
0.1341373324394226
-0.08801010251045227
0.057597458362579346
-0.029351383447647095
-0.13509589433670044
-0.12574437260627747
-0.008778117597103119
-0.06073823943734169
0.16666379570960999
0.09378527104854584
0.026348432525992393
-0.19611069560050964
-0.057845376431941986
0.09679308533668518
-0.08924369513988495
-0.07513362169265747
0.005434797145426273
0.1651979386806488
-0.16643011569976807
0.08762715756893158
0.0060648806393146515
0.15186496078968048
0.07631317526102066
0.20987799763679504
-0.09295906871557236
-0.14067411422729492
0.21011383831501007
0.06848396360874176
0.0789613276720047
-0.031084125861525536
0.03946598991751671
0.17450253665447235
0.05878647789359093
-0.15865249931812286
0.059716567397117615
-0.027260128408670425
0.17450883984565735
0.06998784840106964
-0.12264761328697205
-0.07076802104711533
-0.0466955304145813
-0.11588869988918304
-0.03827165812253952
-0.0032923799008131027
-0.0802006796002388
-0.08441470563411713
-0.0626540556550026
-0.058790870010852814
0.04983915761113167
0.07278047502040863
0.07088762521743774
0.1117863804101944
0.05116216093301773
0.10187812894582748
0.049307093024253845
-0.27488207817077637
-0.08975930511951447
0.10881856083869934
-0.15117809176445007
0.048622049391269684
-0.0970674380660057
0.2129855453968048
0.06396684050559998
0.05175250768661499
0.11169898509979248
0.02681621164083481
0.01581083983182907
-0.03285708278417587
-0.04946160316467285
0.008284036070108414
0.05973270907998085
0.05918488651514053
0.08118067681789398
0.13348548114299774
-0.11299695074558258
0.0854024663567543
-0.018502073362469673
-0.0007021874189376831
0.001010991632938385
-0.10541567206382751
-0.031357184052467346
0.04566257447004318
-0.12961773574352264
0.042625412344932556
-0.013575885444879532
-0.11406560242176056
-0.13948602974414825
-0.04408201947808266
0.07373291254043579
0.04737532511353493
0.09846571087837219
-0.08285147696733475
-0.10114648938179016
0.010432027280330658
-0.007206769660115242
-0.030286014080047607
-0.048977941274642944
0.12117739021778107
-0.1923246681690216
0.14830222725868225
-0.07051191478967667
-0.00023371726274490356
0.08328460156917572
-0.0074326335452497005
0.11465868353843689
0.2332409918308258
0.04247214272618294
0.11368521302938461
-0.01309875212609768
0.19044160842895508
0.17844347655773163
-0.014758703298866749
-0.0562187023460865
-0.02753567323088646
-0.02442663535475731
-0.07400359958410263
-7.951632142066956e-05
0.1705598533153534
0.015231253579258919
0.02010401524603367
0.07132598757743835
-0.07699918746948242
-0.1067362055182457
0.04500396177172661
-0.21062928438186646
0.09595225751399994
0.06105612590909004
0.05207885429263115
-0.05757508426904678
-0.03912114351987839
0.03413543477654457
0.03676683455705643
-0.013574952259659767
-0.018251635134220123
-0.2298690676689148
0.0653175339102745
0.16685751080513
0.020281553268432617
-0.03273061290383339
0.02030346728861332
-0.07493098080158234
0.10576382279396057
-0.09752073884010315
-0.05204270780086517
0.03582734987139702
-0.10996465384960175
0.07247646898031235
0.07939141988754272
-0.1399639993906021
0.16156481206417084
-0.03833891451358795
-0.04701140150427818
0.03498365730047226
0.08072630316019058
-0.15171410143375397
0.21788929402828217
3.7626497745513916
0.05421990901231766
-0.08532627671957016
-0.05691996589303017
-0.08258726447820663
-0.11094419658184052
0.030519187450408936
-0.0764392837882042
0.03426210209727287
0.09748716652393341
-0.0849573165178299
0.09156916290521622
-0.15847301483154297
0.050744518637657166
0.03604663163423538
0.01720035821199417
-0.038929734379053116
-0.051165059208869934
-0.08118641376495361
-0.041930098086595535
0.08969907462596893
-0.06594808399677277
-0.12275946885347366
0.09332316368818283
0.0530187264084816
0.019145287573337555
0.04810474440455437
-0.02553606778383255
0.05609382316470146
-0.11656957864761353
-0.054069288074970245
-0.07075171172618866
-0.05703509598970413
0.09664943814277649
0.2227179855108261
-0.02255108579993248
0.043688900768756866
-0.0425645150244236
-0.016776664182543755
-0.23132145404815674
0.04645593836903572
0.0007341895252466202
-0.06336149573326111
-0.0889139473438263
-0.05444798618555069
0.08308446407318115
-0.050071343779563904
-0.1557992696762085
-0.014967363327741623
0.039109304547309875
0.062119077891111374
0.026226479560136795
0.18457552790641785
0.08822384476661682
0.07740569114685059
-0.08383497595787048
-0.04433450475335121
-0.21987377107143402
-0.026037339121103287
-0.15268327295780182
0.05216660350561142
-0.05705839395523071
-0.11735506355762482
0.04711661860346794
0.1930920034646988
0.05006437748670578
-0.09848207235336304
0.04729115217924118
-0.014529986307024956
-0.11827471107244492
-0.0128586171194911
0.10126057267189026
-0.04760943353176117
-0.054278187453746796
0.16228467226028442
-0.08551551401615143
0.10406254231929779
0.14795233309268951
-0.08499110490083694
-0.046088457107543945
0.031563062220811844
-0.04872683435678482
-0.0651613250374794
-0.020627237856388092
-0.04486733675003052
-0.00012579932808876038
0.08598208427429199
0.13114172220230103
-0.10450466722249985
-0.035900555551052094
-0.023679153993725777
0.12819179892539978
0.02604171261191368
0.0973278060555458
-0.017928123474121094
-0.06675867736339569
-0.1000596359372139
0.013951815664768219
-0.1566695272922516
-0.1513575166463852
0.009362959302961826
-0.11085351556539536
-0.19601814448833466
-0.20840470492839813
0.13143528997898102
-0.06895104050636292
-0.04754531383514404
0.06036251783370972
0.21912136673927307
0.04701915383338928
0.1346777081489563
-0.013854004442691803
0.19300827383995056
0.09103817492723465
0.1248142272233963
-0.07162660360336304
-0.029486730694770813
0.14678671956062317
-0.039701029658317566
0.06369967758655548
-0.021153436973690987
0.03239620476961136
-0.07377038896083832
-0.11167611181735992
-0.055568210780620575
0.1452270895242691
0.0722351223230362
0.031790487468242645
0.09352444112300873
0.11630254983901978
-0.15390163660049438
0.019811518490314484
-0.005219310522079468
0.016996126621961594
-0.039874497801065445
0.006672410294413567
0.04320406913757324
-0.009175539016723633
-0.10213438421487808
-0.09378370642662048
0.09288488328456879
0.0618756040930748
0.09314515441656113
-0.09294845163822174
-0.06958615779876709
0.2550569474697113
0.23518463969230652
0.10116153955459595
-0.10078058391809464
0.032500069588422775
-0.04043291136622429
-0.06430979818105698
0.09586910903453827
0.10956910252571106
-0.13815751671791077
0.14147719740867615
0.16800527274608612
0.09823929518461227
-0.15213368833065033
-0.007012471556663513
0.07090027630329132
0.047382697463035583
0.05733786150813103
0.0425020195543766
0.09205955266952515
-0.08405202627182007
0.026466110721230507
0.037487562745809555
0.09112232178449631
-0.0032389378175139427
-0.11258391290903091
-0.016762789338827133
-0.0633670836687088
-0.11387920379638672
-0.052844248712062836
0.012149554677307606
0.16931574046611786
0.03145303949713707
-0.10599402338266373
-0.016393518075346947
-0.0041423458606004715
0.022790662944316864
-0.1516154259443283
0.08670837432146072
-0.06952902674674988
0.15095052123069763
-0.03713073208928108
-0.0635603815317154
0.10686936974525452
-0.08447650820016861
-0.04306555166840553
-0.08638966083526611
0.025580983608961105
-0.21104717254638672
-0.046171750873327255
0.018159743398427963
0.14493554830551147
0.07800828665494919
-0.06664742529392242
-0.025581222027540207
-0.17663927376270294
-0.0048411693423986435
0.004069564864039421
-0.10257069766521454
-0.012438683770596981
-0.0065100230276584625
-0.037992000579833984
0.08342382311820984
0.013859270140528679
-0.1764346957206726
-0.02636820450425148
-0.007271323353052139
-0.003614068031311035
0.008529078215360641
-0.06288895010948181
0.012924987822771072
0.024836568161845207
-0.06372697651386261
-0.11592075228691101
-0.0067085400223731995
0.09422286599874496
0.2648083567619324
-0.05040808022022247
0.20118319988250732
0.13404840230941772
-0.039507005363702774
-0.16738097369670868
-0.004589973017573357
0.13670916855335236
-0.0812678262591362
0.12166979163885117
0.18273402750492096
-0.1179426833987236
0.11416281014680862
-0.01883556693792343
0.03195968270301819
-0.09085875749588013
0.008869992569088936
0.0007643513381481171
0.020491745322942734
0.02150803804397583
0.01741061545908451
0.04346368461847305
0.03990699723362923
0.15730097889900208
-0.14946603775024414
0.020078949630260468
-0.05506204068660736
0.1232675164937973
-0.012590927071869373
0.05596863105893135
0.0773852989077568
0.13436181843280792
0.21405616402626038
-0.13515210151672363
0.03238336741924286
-0.09677895903587341
-0.055109500885009766
-0.004079901613295078
-0.12758876383304596
0.010720696300268173
-0.17988450825214386
0.020374417304992676
0.07592323422431946
0.011816959828138351
-0.11757095158100128
-0.08702298998832703
0.08138439059257507
-0.11040795594453812
-0.11995991319417953
-0.09034426510334015
-0.1060798317193985
-0.04773425683379173
-0.0607014037668705
0.0819329023361206
0.10134869813919067
0.0021255873143672943
-0.014066189527511597
-0.15462520718574524
-0.12138613313436508
-0.21381615102291107
-0.03764820098876953
-0.05731841176748276
-0.025801554322242737
-0.035875506699085236
-0.09394188970327377
-0.028795413672924042
0.00504973903298378
0.05558081343770027
0.12241870909929276
-0.23411747813224792
0.03599408268928528
0.02642718516290188
-0.049725860357284546
0.025146089494228363
0.01997201517224312
0.007528519257903099
0.025998149067163467
0.010290942154824734
-0.0035627707839012146
-0.047094427049160004
0.04246985912322998
-0.08561073243618011
-0.21106912195682526
-0.12859652936458588
-0.08748145401477814
0.0029066726565361023
0.0020923875272274017
0.00016251392662525177
-0.2699265480041504
0.12337997555732727
0.015524636954069138
-0.04663562402129173
0.032530106604099274
0.0005637966096401215
0.02630971372127533
0.09455078840255737
-0.07684120535850525
-0.06302017718553543
-0.037551991641521454
-0.031546786427497864
0.012311898171901703
0.0743066817522049
-0.05404534563422203
0.11388340592384338
0.09728510677814484
-0.009356438182294369
-0.04035623371601105
0.07833203673362732
-0.1646420806646347
0.002702457830309868
0.03595869615674019
-0.009635170921683311
-0.026484671980142593
0.005021527409553528
-0.049074456095695496
-0.12751270830631256
0.08729906380176544
0.01988983154296875
0.007046008948236704
0.08577501028776169
-0.14592747390270233
0.169028639793396
0.05897073820233345
0.05723213776946068
0.0675162523984909
-0.03107568249106407
-0.07382501661777496
0.05870163068175316
-0.056270353496074677
-0.007438551634550095
-0.057398147881031036
-0.09883095324039459
0.2250799983739853
-0.004936658777296543
-0.05209052562713623
-0.003840286750346422
-0.00900069996714592
0.13128797709941864
0.03769419714808464
0.13055989146232605
-0.11323949694633484
0.05390387028455734
-0.04753284156322479
0.08312740176916122
0.034685682505369186
-0.11236333847045898
-0.01454436406493187
0.042578887194395065
-0.01915610581636429
-0.05720438435673714
0.013611836358904839
0.049348749220371246
0.04445698857307434
-0.11504276841878891
-0.003419049084186554
0.02657144144177437
-0.007323832251131535
-0.1506849080324173
-0.024708019569516182
0.060189057141542435
0.05256929248571396
0.07458800077438354
-0.022337010130286217
-0.05571920424699783
0.04691892862319946
-0.01827012561261654
0.21383161842823029
0.07015399634838104
0.14505188167095184
0.01183205097913742
-0.090859554708004
-0.07035811990499496
-0.013275731354951859
0.1424560248851776
0.09486918896436691
-0.07058066874742508
0.07798837125301361
-0.09791194647550583
0.08569414913654327
0.13747161626815796
-0.07285770028829575
-0.03621402755379677
-0.03300958871841431
-0.09059296548366547
-0.09620867669582367
-0.022174092009663582
0.0668809562921524
-0.08985608071088791
-0.17523442208766937
0.08632797002792358
0.12211040407419205
-0.03799518197774887
-0.03203393891453743
0.04698360338807106
0.15192875266075134
0.04069369658827782
0.10329150408506393
-0.1038486510515213
-0.013370946049690247
0.06774318218231201
-0.0762273520231247
0.11885067820549011
0.061862025409936905
-0.030485574156045914
0.04546772688627243
0.07929623872041702
0.0560767762362957
-0.009809215553104877
-0.061288632452487946
0.01627686619758606
0.08525975793600082
-0.1016198918223381
-0.01666451245546341
-0.1284085214138031
0.15855862200260162
-0.04015116021037102
0.011317521333694458
0.1428690105676651
-0.2066992074251175
-0.005003232508897781
-0.05864401161670685
0.11056458950042725
0.019640417769551277
0.10052592307329178
0.08378778398036957
0.04674853757023811
0.0857008621096611
-0.14804045855998993
0.06688341498374939
0.0058167967945337296
0.04861530661582947
0.04999789968132973
-0.0033842213451862335
-0.0715799480676651
0.0919661819934845
-0.0974699854850769
-0.07826292514801025
-0.07556398212909698
-0.03876442462205887
0.10380658507347107
-0.05990450084209442
-0.07367457449436188
-0.07232107222080231
-0.2259712666273117
0.030162755399942398
0.11194363236427307
0.03796333819627762
0.014663110487163067
0.016965661197900772
0.09821437299251556
0.03284139931201935
-0.009678468108177185
0.01752633787691593
0.05206453427672386
-0.15889476239681244
-0.013042174279689789
0.024076594039797783
-0.11150021106004715
0.24102851748466492
-0.07091174274682999
-0.08296478539705276
0.17167691886425018
0.07197168469429016
-0.1408277004957199
-0.04081948101520538
-0.060735851526260376
-0.05198075994849205
0.061947375535964966
0.0767354890704155
0.04025620222091675
-0.18091435730457306
-0.047411322593688965
-0.0817481204867363
0.030849922448396683
0.027330264449119568
-0.021973013877868652
0.010807991027832031
0.02738204225897789
-0.02537343092262745
0.03475270792841911
0.14935320615768433
-0.15837031602859497
0.2941208779811859
-0.1516672670841217
-0.08644700050354004
-0.08130377531051636
-0.09920327365398407
0.0794135183095932
-0.14957454800605774
-0.003833150491118431
-0.04737792909145355
0.08876857906579971
-0.08344089984893799
-0.05559471249580383
0.0379592664539814
0.1933530867099762
-0.04149285703897476
0.1503358781337738
0.11548326909542084
-0.2012305110692978
-0.05253371596336365
-0.14259177446365356
-0.1131780818104744
0.023465566337108612
0.006775004789233208
-0.03834851086139679
0.0973239541053772
0.012715522199869156
-0.03344336152076721
-0.02870582789182663
0.10264710336923599
-0.10326430946588516
-0.11218086630105972
-0.21556241810321808
-0.012477628886699677
-0.012901362031698227
0.055181197822093964
0.06824345886707306
-0.1274317502975464
-0.015592372044920921
0.07367054373025894
-0.015730135142803192
-0.1500129997730255
-0.02361540123820305
-0.11106238514184952
-0.020791489630937576
0.07001306861639023
-0.0689510703086853
0.052814532071352005
0.08915633708238602
-0.08008530735969543
-0.05231155455112457
-0.0848027765750885
0.03598419576883316
-0.16622394323349
-0.05753817409276962
-0.002929791808128357
-0.06034993752837181
0.020831461995840073
-0.16361650824546814
-0.09633851796388626
0.05897051841020584
0.17886561155319214
0.040570300072431564
0.07832435518503189
0.19399462640285492
0.07743094861507416
-0.08702051639556885
-0.03369583189487457
-0.01186487264931202
0.18712936341762543
0.012013653293251991
0.010876044631004333
0.015513800084590912
-0.04261643439531326
0.12301287055015564
-0.0015134811401367188
-0.12148575484752655
0.03919491916894913
0.021750278770923615
-0.06485681980848312
0.09720712900161743
-0.08035290986299515
-0.13153313100337982
-0.03405056521296501
0.11105304956436157
-0.017443127930164337
0.057942554354667664
0.2652433216571808
-0.06972430646419525
-0.22477535903453827
0.008825944736599922
-0.055295251309871674
-0.031454890966415405
0.0626695305109024
0.10253304988145828
0.12425512820482254
-0.01799444667994976
0.011579524725675583
0.07662064582109451
0.08703145384788513
-0.008513383567333221
0.039884164929389954
0.13008730113506317
-0.0246199369430542
0.04775526747107506
0.008576475083827972
-0.03735332190990448
0.0575338676571846
0.08040104061365128
0.13158556818962097
0.04869558662176132
-0.06260190904140472
-0.09728366881608963
0.1054653748869896
0.19221575558185577
-0.04819240793585777
-0.00945443194359541
-0.03974258154630661
0.12080580741167068
0.1802992969751358
-0.07868711650371552
-0.029099199920892715
-0.10002213716506958
-0.055290039628744125
-0.05022038146853447
0.10584858804941177
-0.05387835577130318
-0.0006142556667327881
0.023383570834994316
0.0003561638295650482
-0.004095163196325302
0.12038442492485046
0.023321403190493584
0.04850488528609276
0.00604594312608242
-0.12958405911922455
-0.16636545956134796
0.17058910429477692
-0.12465664744377136
-0.051217496395111084
0.041317831724882126
0.032061055302619934
-0.14072690904140472
0.07635542750358582
-0.023535314947366714
0.024071693420410156
0.07248976081609726
0.14369170367717743
0.05178166553378105
0.19622480869293213
-0.08258507400751114
-0.15170913934707642
-0.05106627196073532
-0.18397332727909088
0.14298836886882782
0.04292777553200722
0.10346513986587524
-0.04801841825246811
0.04424358159303665
-0.1421090066432953
0.11605347692966461
0.03933387249708176
-0.0685085654258728
0.08609682321548462
0.059711724519729614
0.20706500113010406
0.09961868822574615
0.011909998022019863
0.13637542724609375
0.12813667953014374
0.06159991770982742
-0.2135871797800064
0.002184344455599785
0.02085801213979721
0.016788382083177567
0.1118697077035904
-0.09749722480773926
-0.08634722977876663
0.19147174060344696
-0.030213352292776108
-0.20405009388923645
-0.007915694266557693
-0.11679947376251221
0.012857254594564438
0.1398361474275589
0.1305846869945526
-0.0607638917863369
-0.07117088884115219
-0.002171877771615982
0.03359120339155197
-0.0005275458097457886
-0.005330264568328857
0.019818713888525963
0.04014594107866287
-0.03352190926671028
-0.0045051127672195435
0.0689300000667572
-0.0011488953605294228
0.09910592436790466
0.03128601238131523
0.007671583443880081
0.04272771626710892
-0.05039433389902115
0.10154770314693451
-0.021039601415395737
0.18620912730693817
0.16915062069892883
0.0600852444767952
0.08212894201278687
-0.06393228471279144
-0.014041181653738022
0.03489452973008156
-0.1260802149772644
0.17895767092704773
0.17225518822669983
-0.04226196929812431
-0.05631024017930031
0.07813011109828949
0.048719387501478195
0.07846783101558685
0.03517020866274834
0.2010781466960907
0.11599621176719666
0.038520604372024536
-0.07316960394382477
-0.14745359122753143
-0.05785791575908661
0.030464626848697662
-0.01312256045639515
0.09190158545970917
-0.00426253117620945
0.010834351181983948
0.051074545830488205
0.01039494201540947
-0.0728764533996582
0.07579773664474487
-0.15692906081676483
-0.04028559848666191
-0.03809228539466858
0.0069857072085142136
0.062450751662254333
-0.12316979467868805
0.024094412103295326
-0.08081163465976715
0.0766792893409729
-0.05479422211647034
0.07431549578905106
-0.04738215357065201
0.14063768088817596
0.005330879241228104
-0.03250508010387421
-0.027443964034318924
0.05517271161079407
0.005396316759288311
0.13974681496620178
0.10097238421440125
-0.05598517879843712
-0.0872562974691391
-0.0620480552315712
0.04604874551296234
0.00544915534555912
-0.024496030062437057
-0.07408628612756729
-0.0020520202815532684
0.10222899913787842
0.13707499206066132
-0.07415185123682022
0.04140934348106384
-0.046060625463724136
-0.0029155071824789047
0.24953407049179077
0.006463560275733471
0.05215797573328018
0.19656318426132202
-0.038271646946668625
0.0889308899641037
0.08712819963693619
-0.032980866730213165
-0.1793632060289383
-0.04019082710146904
0.045838288962841034
-0.03908468037843704
0.0016543548554182053
0.016050539910793304
0.010497627779841423
0.09485609084367752
0.007621320895850658
-0.1143842563033104
-0.06891366839408875
-0.0031799152493476868
-0.10340961813926697
-0.07499265670776367
-0.042732708156108856
-0.04419592022895813
-0.13500164449214935
-0.0033628493547439575
