0.32763671875
0.04095458984375
-0.20477294921875
0.143341064453125
-0.184295654296875
-0.184295654296875
0.020477294921875
0.20477294921875
-0.143341064453125
-0.143341064453125
0.184295654296875
-0.061431884765625
-0.020477294921875
-0.061431884765625
-0.061431884765625
0.04095458984375
0.20477294921875
0.102386474609375
-0.225250244140625
-0.307159423828125
-0.143341064453125
0.04095458984375
0.163818359375
-0.061431884765625
0.266204833984375
0.102386474609375
-0.020477294921875
-0.28668212890625
-0.0819091796875
-0.12286376953125
0.307159423828125
-0.0819091796875
