0.2616081237792969
-0.7221688032150269
0.7908464670181274
-0.5057375431060791
-0.5237231254577637
0.03495973348617554
-0.9069271683692932
0.7586851119995117
2.2297751903533936
-1.9722083806991577
-0.436866819858551
0.849273681640625
0.054178208112716675
-1.6822664737701416
0.363983690738678
-0.1449815034866333
-1.2504583597183228
-0.9970265626907349
-1.996029019355774
1.4722729921340942
-0.7054665684700012
-0.38281455636024475
0.2147253155708313
-1.6527085304260254
-0.06791616231203079
0.8242347240447998
-0.43339627981185913
-0.4173537492752075
0.438793420791626
-0.23590847849845886
0.8051056265830994
-0.3058639466762543
1.4291611909866333
-0.10845845937728882
0.21985848248004913
0.7987419962882996
-0.29444798827171326
0.2601497173309326
-0.22092020511627197
-0.4995282292366028
13.59630298614502
-0.10984820127487183
0.04600831866264343
-0.255562424659729
1.423632264137268
-2.394096612930298
1.6867895126342773
1.9458216428756714
7.402274131774902
-0.3732929825782776
-0.11319839209318161
-0.8613137602806091
-0.687606155872345
4.347254276275635
1.355578064918518
2.2404685020446777
1.1621742248535156
-2.28987193107605
0.4702698588371277
0.49802708625793457
1.123026728630066
-1.016798496246338
1.4021395444869995
-1.7786751985549927
-0.23676899075508118
1.1203975677490234
3.3321352005004883
-0.32866719365119934
1.3326929807662964
-1.7776777744293213
-1.3021069765090942
0.14811080694198608
-0.25745889544487
0.4892437160015106
3.1878879070281982
0.3836553990840912
1.1774202585220337
0.32382071018218994
-0.682169497013092
-1.8623449802398682
0.7908723950386047
1.4700887203216553
1.092537522315979
-0.42830270528793335
0.40859049558639526
0.3475179374217987
1.274654746055603
-35.1104621887207
1.1464663743972778
1.1313436031341553
0.3752957582473755
6.893630027770996
1.5582022666931152
-1.451412558555603
-0.5255581736564636
-0.5543531775474548
0.18007664382457733
-1.0091294050216675
0.0183633491396904
2.2525858879089355
-0.7347169518470764
-0.6547107100486755
0.27194955945014954
-0.07442347705364227
-0.6860074996948242
0.06752491742372513
-0.722478985786438
1.7593210935592651
0.12739227712154388
1.4369770288467407
-0.03985382616519928
0.1386970579624176
-1.0320788621902466
0.36228305101394653
0.77109694480896
-0.1947430968284607
1.3111263513565063
1.5658725500106812
2.890881299972534
0.2559736967086792
-1.3583093881607056
-0.15705642104148865
0.4322673976421356
1.5129603147506714
-1.6553318500518799
-0.08879265934228897
-0.33733049035072327
-0.21188697218894958
0.9407886266708374
-0.7215257287025452
0.5848329663276672
-0.09391139447689056
-0.8214354515075684
-3.4769115447998047
0.24129927158355713
0.7173066735267639
2.7474911212921143
-0.3575507402420044
-1.1084659099578857
-0.8511279821395874
-0.6119428277015686
1.0673491954803467
0.3878038227558136
-1.1166542768478394
2.2800614833831787
1.6656774282455444
-3.1641695499420166
-2.7766060829162598
-0.0823410227894783
-0.342753529548645
-1.5406572818756104
1.4342639446258545
0.7608948349952698
0.19664888083934784
-0.7445142269134521
1.2692487239837646
-0.8449903130531311
-0.9346088171005249
0.3740498423576355
-0.8836095929145813
-1.3997488021850586
1.1552324295043945
1.566904067993164
-0.6334467530250549
0.4811103641986847
0.6545161008834839
-0.48774829506874084
0.4129307270050049
-0.265621542930603
-0.5461483001708984
0.3767658770084381
-0.2776358723640442
1.0214178562164307
2.003032684326172
0.39198166131973267
0.8556135892868042
-5.8769989013671875
2.3980672359466553
-1.1382256746292114
-1.877122163772583
-0.3360189199447632
0.7516134977340698
1.2849667072296143
0.6192483305931091
0.031535543501377106
1.2206488847732544
-0.9117205142974854
0.8922772407531738
-0.5059168934822083
1.946966290473938
0.8539891839027405
-3.5227575302124023
0.4294643700122833
0.16382011771202087
0.04805779457092285
0.7893450260162354
-0.3336483836174011
-1.171763300895691
0.3147677779197693
-0.4331691861152649
-0.013348570093512535
-1.4453279972076416
-0.6235888600349426
-0.9719758629798889
1.743588924407959
-0.20578521490097046
-0.8986482620239258
-0.5345916748046875
-0.7163865566253662
-2.282466411590576
-0.8377915024757385
0.7207014560699463
-4.408692836761475
0.7782624959945679
-0.8879263401031494
0.20372289419174194
-0.7948052883148193
-0.09602955728769302
-2.3097095489501953
-0.7746193408966064
-2.056070327758789
-0.2206362783908844
0.49709972739219666
-0.18647417426109314
-0.10781959444284439
0.8970926403999329
0.9278098940849304
-0.4088406562805176
0.3751068711280823
0.5794374346733093
-0.09499264508485794
-0.5171852111816406
1.7701226472854614
-1.5822036266326904
-0.3294113278388977
-1.5507782697677612
-0.5284819006919861
0.2804628610610962
-6.407480716705322
-0.5108932852745056
-0.15352895855903625
-1.8770513534545898
1.125363826751709
0.5538923740386963
0.0030196234583854675
1.380034327507019
-2.5828211307525635
1.2432633638381958
0.4511334002017975
-1.1836600303649902
0.08421457558870316
-0.6257538795471191
-3.1149513721466064
-0.8040728569030762
0.9648773670196533
-0.6279571652412415
0.2949223816394806
0.8424620628356934
-0.263988196849823
2.1874783039093018
-0.6513056755065918
-0.9357348680496216
0.6696757078170776
2.157141923904419
0.4257619380950928
-3.7378768920898438
-0.6289006471633911
0.5386505126953125
-1.616780400276184
2.312082052230835
-0.9239808320999146
-0.34177812933921814
-1.4699835777282715
0.7271369695663452
0.47063344717025757
-0.6845548152923584
4.726795673370361
5.511255264282227
1.5646677017211914
1.06485915184021
-1.9543828964233398
-0.8144603967666626
0.5326012372970581
-1.5518860816955566
2.502835273742676
-1.0280933380126953
-1.303341031074524
0.5943905115127563
0.22930197417736053
0.17795416712760925
0.06791924685239792
0.45853206515312195
1.0936238765716553
-0.40090954303741455
0.7613129615783691
1.5327873229980469
-3.508784055709839
-0.9326010942459106
-0.5386843085289001
-0.7564324736595154
0.08410615473985672
-0.42872822284698486
-0.2929118275642395
0.01812431961297989
-2.9561445713043213
-0.5876325368881226
0.8914545774459839
1.1019450426101685
-4.942692279815674
0.3233213424682617
-0.7236825227737427
1.4182838201522827
-0.005816970020532608
0.15766170620918274
0.9920886754989624
2.194577693939209
-0.9902904033660889
1.6596035957336426
-1.027888298034668
-0.6833586692810059
-0.05835212767124176
-0.30902212858200073
0.5488705635070801
-1.091714859008789
0.24336865544319153
1.4663487672805786
1.3158771991729736
1.0541026592254639
-1.5335886478424072
-1.1550524234771729
0.836436927318573
-1.2249205112457275
0.3785472810268402
0.06614033877849579
-2.3907582759857178
0.050059109926223755
2.1643741130828857
0.9659951329231262
-1.119935393333435
0.7449480891227722
0.7060754895210266
-1.0850989818572998
1.374397873878479
0.36207643151283264
-0.8138072490692139
0.774967610836029
-0.5248314142227173
-0.7844957113265991
1.2040525674819946
-0.2602945566177368
0.8481292724609375
-0.35373345017433167
-1.7304993867874146
-1.580825924873352
0.13422754406929016
-1.7856848239898682
-2.3771777153015137
-1.0417097806930542
0.2463628053665161
1.4264851808547974
4.6302385330200195
0.714743435382843
0.8182569742202759
1.4201449155807495
2.168278217315674
-0.021994516253471375
0.8174171447753906
-1.3972837924957275
-1.6795296669006348
-1.9325063228607178
0.8337908387184143
-1.4363124370574951
15.904220581054688
2.1076467037200928
0.453695148229599
-1.3716354370117188
-0.595616340637207
-0.2794511914253235
0.03260953724384308
3.488311529159546
0.17279747128486633
0.011502427980303764
0.05219346657395363
1.3652598857879639
-0.539705216884613
0.8548822999000549
-0.45513367652893066
-0.1544620394706726
-1.1353625059127808
0.49671655893325806
4.650547981262207
0.5957819223403931
0.47522616386413574
2.3667869567871094
0.5664800405502319
-1.144830346107483
-0.928066074848175
0.7583142518997192
-1.2603225708007812
-0.677997350692749
-0.4450961649417877
-3.481027603149414
-0.3842170834541321
1.1807663440704346
1.1020739078521729
0.28217899799346924
-0.45798060297966003
-0.8349233865737915
2.611340284347534
0.6326323747634888
-0.8333895206451416
-0.11957138776779175
-2.7685885429382324
1.0478192567825317
0.4776352047920227
0.14083167910575867
-1.9801913499832153
0.11437652260065079
-1.3724819421768188
-1.4958380460739136
2.4961130619049072
-0.8374503254890442
2.0177862644195557
-0.6618725657463074
-0.292176753282547
1.1572606563568115
0.3637053668498993
0.49691128730773926
-0.5727663040161133
1.7432239055633545
2.1810104846954346
-0.849453330039978
-2.194276809692383
-0.18987593054771423
-1.2316869497299194
0.462301105260849
-0.29277870059013367
-1.0847148895263672
-4.481399059295654
1.7189159393310547
-0.9710162878036499
-1.527901530265808
0.0683213621377945
-0.5542144179344177
0.24977055191993713
-0.08000543713569641
2.3888349533081055
-0.4239417612552643
-0.6945152878761292
1.2871613502502441
2.0133745670318604
0.5040497183799744
-0.747941255569458
-1.6944737434387207
-0.5304563045501709
-1.0744106769561768
1.647407054901123
1.9570685625076294
0.563356339931488
-1.2495142221450806
0.4679165184497833
0.4048517346382141
-1.584694266319275
-0.5786792635917664
2.236030101776123
0.9965013265609741
1.934520959854126
-0.1283763200044632
-0.023700594902038574
-1.8906254768371582
0.177699476480484
-3.100083589553833
0.9077016115188599
0.1463954895734787
-0.336346834897995
-0.0014670677483081818
0.4664250314235687
-1.390908122062683
0.6262943744659424
0.6205544471740723
1.3920235633850098
-1.2817312479019165
1.1147236824035645
-0.4483903646469116
-0.050114408135414124
-3.059974193572998
-0.3757826089859009
-0.402687668800354
1.3001444339752197
-2.154960870742798
1.0221474170684814
-0.8262289762496948
1.4581362009048462
1.0786159038543701
1.2822816371917725
-0.5521880388259888
0.857304036617279
0.6682077646255493
1.2797181606292725
0.03837134689092636
-0.14553794264793396
0.5022404789924622
0.3027975559234619
-0.2911180853843689
-1.1413148641586304
-0.2842215895652771
-1.495516061782837
1.85440993309021
-1.0936673879623413
2.3268001079559326
0.15444882214069366
-0.20423519611358643
1.2786818742752075
-0.3897412121295929
-0.1326904296875
-1.3596463203430176
-1.47317373752594
-0.10330221056938171
-0.3447880744934082
-0.9270840883255005
0.07510142028331757
-0.2865182161331177
-1.8154141902923584
-0.20182621479034424
-0.38049235939979553
0.8323029279708862
-0.006576843559741974
-3.146923780441284
-0.4129602313041687
0.683822751045227
-0.33076173067092896
0.9706968069076538
1.01405668258667
1.075284481048584
0.48502853512763977
-0.6332612037658691
-0.8470151424407959
-0.263427734375
0.26857760548591614
0.7299851775169373
-0.48619312047958374
0.7317205667495728
-0.20650888979434967
-1.6362522840499878
0.5327637791633606
-0.7809682488441467
-0.10179196298122406
-0.6948025822639465
-0.5895330905914307
0.5676236748695374
-0.4733147621154785
1.6941704750061035
-0.1442289650440216
0.5710918307304382
-1.4682226181030273
0.3947764039039612
-0.7081525325775146
-0.8528451323509216
0.6710107326507568
0.9772900342941284
-1.4579927921295166
1.3174738883972168
-0.3025188446044922
0.2846103012561798
-1.1088345050811768
0.5150359869003296
2.311069965362549
-0.027927592396736145
-0.27330294251441956
1.0261383056640625
1.6551563739776611
-0.9840317368507385
-0.47892171144485474
6.32277250289917
1.3431134223937988
-0.030131032690405846
-1.3541843891143799
-0.21807798743247986
1.3410359621047974
-1.4899780750274658
-0.3453720211982727
-0.9440333843231201
-1.2690842151641846
0.3210754990577698
-0.5331054925918579
-0.8093534111976624
1.3840417861938477
0.844258189201355
-0.7113230228424072
-0.9630105495452881
0.7399290204048157
-1.2079358100891113
-1.3736653327941895
-0.756009578704834
0.3164949119091034
-0.17368000745773315
0.11011283099651337
-5.856058597564697
-0.3517908453941345
0.869766116142273
-0.7530612349510193
-3.247912645339966
1.4455231428146362
2.894146203994751
-3.1172385215759277
0.26143679022789
1.0379215478897095
0.30427467823028564
0.3944508135318756
-0.7888563871383667
-0.7344534993171692
0.909264326095581
0.547405481338501
-1.8595548868179321
1.8830881118774414
-4.496801853179932
-1.932489037513733
-1.525259017944336
0.6270960569381714
0.7738890051841736
4.277724742889404
-1.3021605014801025
0.3906548023223877
1.1718218326568604
0.2712576985359192
0.9388588666915894
-0.13809621334075928
-0.49548113346099854
-1.0603926181793213
-0.17974132299423218
-0.5477426052093506
1.6849128007888794
-0.7294719219207764
0.5011430978775024
-0.06537570059299469
-0.4816281199455261
0.203964963555336
-0.5525076985359192
-0.8774627447128296
-2.8217315673828125
-0.24599120020866394
0.04785192012786865
1.9229686260223389
-1.018190860748291
-1.8982107639312744
-0.929763674736023
0.7515069842338562
-1.3666067123413086
-0.7837258577346802
0.27715349197387695
-0.7201766967773438
-1.3272870779037476
-0.6281615495681763
-0.3061876893043518
-3.5102057456970215
3.0577268600463867
-0.4605017602443695
0.4382391571998596
0.5496566295623779
-0.02406691387295723
-0.002578267827630043
0.9062288403511047
0.6045868396759033
0.3257754445075989
-0.8345931172370911
0.014833718538284302
-0.06549946218729019
-1.2966032028198242
0.9557763934135437
-0.1957281529903412
-1.9160833358764648
0.5798015594482422
0.7831104397773743
0.6576679348945618
0.44289496541023254
1.6307594776153564
1.0322611331939697
-1.2512339353561401
12.012773513793945
-0.5243891477584839
-0.6573919057846069
0.7671496272087097
1.492702603340149
-0.4983634054660797
-1.2133281230926514
-1.4148805141448975
4.302262306213379
-0.5710346102714539
-3.012460231781006
-2.396278142929077
-0.5215477347373962
1.408400058746338
1.197911024093628
0.28923487663269043
-0.8300719261169434
1.1486250162124634
-2.2600278854370117
-0.827447235584259
-0.013828198425471783
0.1192605197429657
0.9446679949760437
-1.3470442295074463
-3.5009500980377197
0.07487544417381287
-0.79893559217453
-1.1165674924850464
-0.6573173403739929
0.23328864574432373
1.4357694387435913
0.6370685696601868
0.5588749051094055
1.134259581565857
0.016666971147060394
0.6755188703536987
0.6952947378158569
0.751282811164856
1.212422251701355
-2.6977450847625732
-1.2307637929916382
-2.160508871078491
-2.2794201374053955
-1.2141475677490234
-0.40232694149017334
1.100678563117981
-0.5648698210716248
-0.23320311307907104
-0.5682016015052795
1.4660556316375732
-0.5968703031539917
-1.7309308052062988
2.6251039505004883
0.5235231518745422
1.2435318231582642
0.5419002771377563
-0.8498495817184448
-1.357445478439331
-1.948143720626831
-0.1960625946521759
0.7830828428268433
-0.8832441568374634
0.7255793809890747
-0.13168516755104065
1.2644106149673462
-0.02038133144378662
0.6995747089385986
5.683626651763916
1.2164663076400757
-0.06559666246175766
0.07059535384178162
-1.0370317697525024
0.71987384557724
0.391706645488739
0.533287525177002
-0.8381337523460388
-1.6776130199432373
0.09742908924818039
-0.302381306886673
-1.1807719469070435
-5.370514869689941
8.090328216552734
0.7397683262825012
0.17168653011322021
-0.8388538360595703
2.1919469833374023
-0.8144973516464233
-0.2136048525571823
1.367689847946167
1.1298134326934814
2.7301735877990723
-0.33717259764671326
-0.5722625851631165
-0.727527916431427
0.4763002395629883
-0.07367154955863953
-2.1998231410980225
-1.4732608795166016
-1.6995028257369995
1.1743100881576538
-0.09001289308071136
0.4829535186290741
2.22273325920105
-1.123927116394043
-0.4599945545196533
0.8263687491416931
-0.41575461626052856
1.416779637336731
0.6080650091171265
0.7086784243583679
-0.5518183708190918
0.32196637988090515
-0.8276442289352417
1.6844062805175781
2.847473382949829
-2.8270888328552246
0.22303903102874756
-1.0292662382125854
1.074209451675415
1.337667465209961
-0.059970319271087646
0.10458146035671234
-0.05792731046676636
-0.39692723751068115
-0.8678730726242065
1.093778133392334
-0.7053897380828857
0.3287975788116455
-0.7304568290710449
-4.678621768951416
-0.2830888628959656
0.6833318471908569
1.5062919855117798
9.216988563537598
1.9605432748794556
-1.3852983713150024
1.6200714111328125
0.5133612751960754
-0.10691402107477188
-1.215396761894226
0.9171656370162964
0.4968779981136322
-0.805197536945343
-0.41075679659843445
0.4130209982395172
-1.2483614683151245
-1.0286178588867188
-0.3266632556915283
-0.39805471897125244
0.3754465579986572
0.6593339443206787
5.131667613983154
1.3573508262634277
1.3237791061401367
0.7031638622283936
-0.9529433846473694
0.9557061195373535
0.1990785151720047
0.2502848505973816
1.239056944847107
-0.6614558696746826
1.0447659492492676
1.2878837585449219
-1.214241623878479
1.8970725536346436
-2.9616408348083496
-0.4759286940097809
0.48285534977912903
-0.6553577184677124
0.5368680357933044
1.6475932598114014
0.29181110858917236
-1.5416464805603027
0.35581448674201965
0.34522563219070435
0.12135478854179382
0.866657555103302
2.0833983421325684
-3.7814691066741943
0.17890405654907227
-0.11647357046604156
-0.37611353397369385
0.8968892097473145
2.0517477989196777
0.7560547590255737
0.9008675217628479
-0.7892324924468994
0.2557592988014221
0.5968315601348877
-0.10204270482063293
0.48399609327316284
0.8246778845787048
0.5854065418243408
-0.5117111206054688
-1.861989974975586
-2.277240514755249
0.1912352442741394
-0.7969122529029846
0.8493480086326599
-1.0427451133728027
0.23208940029144287
2.3816919326782227
1.0785164833068848
-1.060484766960144
0.7484548091888428
0.3785622715950012
0.26216351985931396
-0.1737869679927826
-0.050261616706848145
-1.9299201965332031
0.13409698009490967
1.8061867952346802
-0.817893385887146
-3.828580379486084
-0.5202956795692444
-0.31576091051101685
8.914868354797363
-0.7807815670967102
-0.22130535542964935
0.9123533368110657
0.7755445241928101
1.2861080169677734
0.5549177527427673
2.789107084274292
-2.295860528945923
-1.169198751449585
-1.5431289672851562
-0.7314403653144836
1.149189829826355
-1.3535895347595215
-0.2504439651966095
1.0679140090942383
0.20597580075263977
0.13547733426094055
0.06952065229415894
4.24403190612793
2.0198757648468018
0.7999533414840698
0.20129722356796265
-0.07645228505134583
-4.483583927154541
5.364064693450928
-1.267204761505127
0.9322413206100464
-0.9767205119132996
1.7796131372451782
-0.830563485622406
1.3922749757766724
0.2897275388240814
1.1268364191055298
-0.7117876410484314
-0.5636945962905884
-0.9829137325286865
-1.7241321802139282
-2.512507200241089
-0.5647901296615601
0.07070565223693848
-0.07006316632032394
0.5025839805603027
1.080979585647583
1.4702682495117188
0.8412594795227051
-0.9590380787849426
0.8707076907157898
1.278242588043213
-0.2466077357530594
-1.7816396951675415
1.4795339107513428
-0.7547224164009094
-0.9802896976470947
-0.560789942741394
-1.4588295221328735
0.18676523864269257
-0.21297109127044678
-1.306958794593811
-1.9521459341049194
0.5954227447509766
-1.3440827131271362
0.43989133834838867
-1.5117900371551514
-3.477863073348999
0.9437487721443176
