-0.07137393951416016
-0.015555858612060547
0.0
-0.1162114143371582
-0.04483747482299805
-0.006405353546142578
0.009150505065917969
0.0027451515197753906
0.02013111114501953
-0.04483747482299805
-0.05215787887573242
0.009150505065917969
-0.02013111114501953
-0.11346626281738281
0.02379131317138672
-0.021046161651611328
0.007320404052734375
-0.013725757598876953
0.04666757583618164
0.01189565658569336
0.021961212158203125
-0.028366565704345703
-0.04666757583618164
-0.045752525329589844
0.03202676773071289
0.008235454559326172
-0.0009150505065917969
-0.01738595962524414
0.013725757598876953
0.04666757583618164
-0.019216060638427734
-0.08052444458007812
