0.32763671875
-0.15142822265625
-0.041107177734375
0.13494873046875
0.028350830078125
0.0233917236328125
0.084503173828125
0.07086181640625
0.07568359375
-0.1328125
0.0216522216796875
-0.3554534912109375
0.53759765625
0.048614501953125
0.10693359375
0.280609130859375
-0.03436279296875
0.32684326171875
-0.089599609375
-0.028778076171875
-0.18896484375
0.2025146484375
0.07525634765625
0.058746337890625
-0.0823516845703125
0.0720977783203125
0.0
-0.2925567626953125
0.031646728515625
0.05322265625
0.12548828125
0.0874786376953125
