0.1697655022
-0.4726465642
-0.2999677956
0.6830564141
-0.1408562064
-0.1654495895
-0.5935302377
-0.1480090469
0.8175235987
0.5982296467
0.7269964814
-0.4598719478
-0.5674192905
0.4360635877
-0.348472029
-0.1237269714
-0.1300130486
-0.1145284325
0.2929354012
0.6470640302
-0.02357886918
0.2513044775
-0.6582151651
-0.4220323861
-0.1348468065
0.2763167322
0.08681920916
0.1295082718
0.205580309
-0.5956253409
0.05241683871
0.7840989828
-0.8405631185
-0.8478261232
-0.08845333755
-0.1549863219
-0.2627583444
-0.08586960286
-0.2175754905
1.318779826
-0.3089005947
1.083507419
-0.2089844942
0.5503881574
-0.2935718298
-0.6841009855
-0.1888824254
0.1611073315
-0.0275078956
-0.6749487519
0.1218785793
-0.1827375144
-0.2109406292
-0.219608292
-0.1974151582
0.2168603092
0.1947726309
0.1308731288
-0.2620759308
0.1801636219
0.6905075312
-0.2045239508
-0.228607446
0.2308205068
