0.0034405351616442204
0.0024397149682044983
0.006307805422693491
0.003434843849390745
0.0005889873718842864
0.011728351004421711
0.0019841757602989674
-0.005897176917642355
0.009127181023359299
-0.013575509190559387
-0.00011887901928275824
0.0032255996484309435
0.022980209439992905
0.014145157299935818
-0.0072844610549509525
-0.006918393075466156
-0.0015826300950720906
-0.000651990354526788
-0.014054465107619762
0.010034865699708462
-0.0005363706150092185
0.011558414436876774
0.018164385110139847
-0.0052348352037370205
0.0027423985302448273
-0.007603606209158897
-0.010647489689290524
-0.011620981618762016
0.002714028349146247
-0.0016493855509907007
0.0015678179915994406
0.014185048639774323
-0.0048938593827188015
0.030864203348755836
0.17956626415252686
-0.004400494042783976
-0.0031161729712039232
-0.003302391152828932
0.0034361437428742647
-0.0005354835302568972
-0.006010770332068205
-0.009531941264867783
0.0024085792247205973
-0.02568899840116501
0.009775266982614994
0.0022066356614232063
0.010766161605715752
0.0016323102172464132
0.004248953424394131
0.0012601609341800213
0.010218950919806957
0.00022757274564355612
0.010039501823484898
0.00845848023891449
0.0004093379247933626
-0.250922292470932
-0.003520788624882698
-0.02565190941095352
0.012062067165970802
-0.015767771750688553
0.007828360423445702
0.0024984574411064386
-0.010945511050522327
0.0030290987342596054
0.006043706089258194
0.007019294425845146
0.006113165989518166
-0.006056894548237324
0.012203576974570751
0.0017969002947211266
0.0064609600231051445
-0.0065910969860851765
0.012961652129888535
-0.018987981602549553
-0.0013265563175082207
0.023062441498041153
0.03805798292160034
0.009686329402029514
-0.015808187425136566
-0.01065327599644661
-0.0020098770037293434
-0.0001780274324119091
-0.01679910719394684
0.010769843123853207
-0.001998726511374116
0.015092718414962292
0.017390288412570953
-0.005514191463589668
0.003423247253522277
-0.009410965256392956
-0.012219218537211418
-0.010302715934813023
-0.003602202981710434
0.004290853627026081
-0.003957047127187252
0.00021937978453934193
0.003960922360420227
-0.01811946928501129
0.26491260528564453
0.0025828308425843716
0.0009097261354327202
0.009307591244578362
-0.0017682674806565046
0.00010691187344491482
-0.0076066879555583
0.003485854482278228
0.00523835513740778
-0.019473275169730186
0.020947692915797234
-0.00024440372362732887
0.00019614933989942074
0.010082083754241467
0.00038364087231457233
0.008268154226243496
0.0018959133885800838
0.0008939546532928944
0.010342739522457123
0.014403840526938438
-0.00915179867297411
-0.09837935864925385
0.0003273612819612026
-0.03363141790032387
0.01461651548743248
-0.0070772673934698105
0.02110503986477852
0.01218522246927023
-0.012060761451721191
0.006435081362724304
0.0028456663712859154
0.006383964791893959
0.0040135616436600685
0.0046799061819911
0.010534458793699741
0.007628682069480419
0.00269287615083158
-0.0035436872858554125
-0.0009686052799224854
-0.008969822898507118
0.0061883945018053055
0.0004866544622927904
0.0209484975785017
0.008616536855697632
-0.0007545356638729572
-0.008015520870685577
0.0022245682775974274
-0.0005825329571962357
-0.012248312123119831
0.0074877189472317696
-0.003452214179560542
0.01325819082558155
0.01091176550835371
-0.004318442661315203
0.002868825802579522
-0.003768162103369832
-0.01146105956286192
-0.006938301492482424
0.0011973739601671696
0.001361071364954114
0.0034110380802303553
0.015094288624823093
-0.00899718888103962
-0.06006583571434021
0.24643120169639587
-0.005545672029256821
-0.009662814438343048
-0.002096117939800024
-0.0002775876200757921
-0.00530159380286932
-0.010195311158895493
-0.004986306186765432
-0.0041860793717205524
-0.024440711364150047
0.016823727637529373
0.0035991049371659756
0.005100296810269356
0.0007690893835388124
-3.633691812865436e-05
0.0010036276653409004
0.016399042680859566
-0.0063062687404453754
0.004472291097044945
0.004674005787819624
-0.0002754403976723552
-0.20364613831043243
-0.004734180402010679
-0.02706683613359928
0.018075352534651756
-0.008066512644290924
0.00793458055704832
0.0007594555499963462
-0.01118415780365467
0.0035505243577063084
-0.010478216223418713
-0.017546819522976875
-0.0024172025732696056
1.3952958397567272e-05
0.012250958010554314
0.003833965864032507
-0.025688104331493378
0.030137090012431145
-0.0006195402238518
0.001740116160362959
0.0008451729081571102
0.0028236028738319874
0.010449901223182678
0.004452428314834833
0.03083740547299385
0.008241323754191399
0.005437669809907675
-0.0017297487938776612
0.005508605390787125
-0.0014343885704874992
-0.0006763851270079613
0.03360985219478607
-0.006190582178533077
-0.0025507560931146145
-0.006276233587414026
0.009810158051550388
0.004150387831032276
0.007748181000351906
-0.0075113349594175816
-0.004509329330176115
0.021379966288805008
-0.00408029742538929
-0.0036637024022638798
-0.012058168649673462
-0.007353831548243761
0.00514688016846776
0.018679745495319366
0.0015136182773858309
-0.011119452305138111
0.008165310136973858
-0.009011775255203247
-0.006552726496011019
0.00830974243581295
-0.007152854464948177
-0.007683184929192066
0.002507617697119713
-0.0026470322627574205
-0.005199220031499863
0.00048813666217029095
0.015561388805508614
-0.013874613679945469
0.01564656011760235
-0.0009548506932333112
-0.00971461832523346
-0.004807458259165287
0.007130175828933716
-0.016644371673464775
0.0012254975736141205
-0.0061890012584626675
-0.006067598704248667
0.0025181209202855825
0.022858740761876106
0.016251906752586365
-0.0030951909720897675
-0.007495204918086529
-0.020073890686035156
-0.003293000627309084
-0.0009630154818296432
0.012488444335758686
0.0020816863980144262
-0.02827264368534088
0.028444232419133186
-0.0019073591101914644
0.002455449430271983
0.0014723085332661867
0.0013661456760019064
0.009144068695604801
0.0038523259572684765
0.028034353628754616
0.006756648421287537
0.008535095490515232
-0.0018149883253499866
0.005264941602945328
-8.125044405460358e-05
-0.0012748921290040016
0.031197519972920418
-0.003384632058441639
-0.004305505193769932
-0.00675862655043602
0.01029915176331997
0.0036813579499721527
0.0055427756160497665
-0.009339617565274239
-0.00451146624982357
0.015279623679816723
-0.004603416193276644
-0.006209793966263533
-0.012277720496058464
-0.006119325291365385
0.004155274014919996
0.019672594964504242
0.0022297422401607037
-0.010619629174470901
0.008178013376891613
-0.011041810736060143
-0.005301536992192268
0.007714953273534775
-0.007726965006440878
-0.008689230307936668
0.006542193703353405
-0.004249958321452141
-0.0034677255898714066
-0.001371460035443306
0.016123315319418907
-0.01187265757471323
0.01779690943658352
-0.0015786507865414023
-0.009460099041461945
-0.004609620198607445
0.007178664673119783
-0.015972623601555824
0.0027370131574571133
-0.005715059116482735
-0.004889633506536484
0.0020605314057320356
0.023039737716317177
0.01433374173939228
-0.002812692429870367
0.007657041307538748
-0.024438854306936264
-0.010332569479942322
-0.008420152589678764
0.008167823776602745
-0.004986826796084642
-0.035929203033447266
0.020582251250743866
-0.003727216739207506
0.00833042711019516
-0.0010437131859362125
-0.004225732758641243
0.007927181199193
0.00029052066383883357
-0.023712821304798126
0.0020171990618109703
0.014959330670535564
0.00019967393018305302
-0.0016054878942668438
0.00044875871390104294
-0.0012798677198588848
0.020482633262872696
0.003376973792910576
-0.011812284588813782
-0.006855620536953211
0.015651311725378036
0.007906533777713776
9.808503091335297e-05
-0.01735074259340763
-0.002913356525823474
-0.04199661687016487
-0.005445545539259911
-0.012495629489421844
-0.00933025497943163
8.888787124305964e-05
0.0010081029031425714
0.025530576705932617
0.004813322797417641
-0.004655719734728336
0.009005626663565636
-0.01142795942723751
0.00046286219730973244
0.013826357200741768
-0.007005062885582447
-0.007780139334499836
0.021495148539543152
-0.011665476486086845
0.0034187447745352983
-0.007394297514110804
0.01647421345114708
-0.007192462682723999
0.0008530877530574799
-0.002212179359048605
-0.00013517774641513824
-0.0019920305348932743
0.0023407903499901295
-0.011196326464414597
-0.0009063836187124252
-0.004839145578444004
-0.0012051815865561366
0.0016478919424116611
0.022098571062088013
0.0075500779785215855
-0.0011549440678209066
0.005877213552594185
0.0003237107302993536
0.0030104087200015783
-0.0036857996601611376
-0.014476361684501171
0.011101038195192814
-0.0016070525161921978
-0.00646386481821537
0.00594086479395628
0.010528931394219398
-0.002222441602498293
0.003702020738273859
-0.002005727030336857
-0.0026228665374219418
-0.003627051366493106
0.0021294252946972847
-0.0019224496791139245
0.009008044376969337
0.008832588791847229
-0.015515134669840336
-0.00028119233320467174
-0.0012177091557532549
-0.014669274911284447
-0.016446633264422417
0.0013161945389583707
-0.002209646860137582
0.0012646501418203115
0.0012266638223081827
0.01685969904065132
0.015735270455479622
0.00023804957163520157
0.0023271229583770037
-0.008335337042808533
0.004357912577688694
-0.011967288330197334
0.014175078831613064
0.0036160908639431
0.009186110459268093
-0.011059099808335304
0.023155605420470238
0.004568752367049456
0.07726544886827469
-0.005822527222335339
-0.006107277702540159
-0.007602539379149675
-0.009953023865818977
-0.006581716239452362
0.0004804267664439976
-0.015609550289809704
0.002070398535579443
-0.004635869991034269
0.0030405938159674406
-0.011709681712090969
-0.004236866254359484
0.001948959892615676
0.0060393353924155235
0.008233122527599335
0.015042359940707684
0.01197811122983694
-0.0040013911202549934
0.0141967898234725
0.006446970161050558
-0.004972624592483044
-0.007024609018117189
0.007767474744468927
0.0063624074682593346
-0.004238073714077473
-0.006700718775391579
-0.008453882299363613
0.006313222460448742
0.0070407940074801445
-0.004209072329103947
0.004437495954334736
0.009320332668721676
-9.29621746763587e-05
0.009209196083247662
-0.005029058083891869
-0.004431823268532753
-0.0009044785983860493
-0.0020790686830878258
-0.0015907500637695193
0.00846799649298191
0.007033368106931448
-0.008844043128192425
-0.0012367840390652418
0.006203958764672279
-0.007061629556119442
-0.013027550652623177
-0.00022389087826013565
-0.005043619778007269
-0.000646448927000165
0.005940190050750971
0.00889615248888731
0.010680179111659527
0.0018465359462425113
0.006349265109747648
-0.006396610755473375
0.0039316811598837376
-0.00967207457870245
0.013138305395841599
0.005029002670198679
0.008695496246218681
-0.011652050539851189
0.014105740934610367
0.007045872509479523
0.009601439349353313
-0.00573292002081871
-0.007329653017222881
-0.003947714809328318
-0.006183971650898457
-0.003001621225848794
-0.005208318587392569
-0.011299282312393188
0.001633013947866857
-0.010578583925962448
-0.006687564309686422
-0.005835243500769138
-0.0032800857443362474
0.005109301768243313
0.0005762053187936544
0.003884549718350172
0.008331679739058018
0.003726515918970108
-0.007548891939222813
0.014512330293655396
0.006763540208339691
-0.007048963103443384
-0.002263537375256419
0.0075197843834757805
0.005683396011590958
-0.0037372002843767405
-0.006335327867418528
-0.00931150559335947
0.006986282300204039
0.006820873357355595
-0.004246349446475506
0.004783818498253822
0.009402562864124775
-0.0003553092246875167
0.008465582504868507
-0.005146161187440157
-0.004221955314278603
-0.0008009913726709783
-0.0019157035276293755
-0.0012232372537255287
0.008579929359257221
0.007158510386943817
-0.010175557807087898
-0.001168199465610087
0.005289781838655472
-0.007436181418597698
-0.014236188493669033
0.0003019367577508092
-0.004832256585359573
-0.0005032380577176809
0.005586160812526941
0.009871743619441986
0.012029598467051983
0.001798046287149191
0.006290350575000048
-0.006904239766299725
0.004046962130814791
-0.010221860371530056
0.013446479104459286
0.004554733633995056
0.008595863357186317
-0.011869404464960098
0.015405784361064434
0.006957279518246651
0.017552074044942856
-0.0052642421796917915
-0.007617883384227753
-0.004165900871157646
-0.0067468201741576195
-0.0030249361880123615
-0.005042500328272581
-0.012080737389624119
0.0024673438165336847
-0.00981714203953743
-0.004921606741845608
-0.00682004215195775
-0.003913406748324633
0.004522698000073433
0.001509823719970882
0.004453920293599367
0.009552454575896263
0.005459231324493885
-0.007241180166602135
0.01459437608718872
0.0068644373677670956
-0.006470015272498131
-0.0033372947946190834
-0.004087829031050205
0.008514991030097008
-0.0009882098529487848
-0.0011564982123672962
0.007546811364591122
-0.0009022284648381174
0.004322955850511789
-0.012378212064504623
-0.012909000739455223
-0.005819710437208414
0.0006660942453891039
0.001415683189406991
0.002044638153165579
0.014727587811648846
-0.006980622187256813
-0.009132571518421173
0.0002872615004889667
0.00373862124979496
0.0008122943108901381
0.0012759283417835832
-0.005166948772966862
-0.005885245278477669
0.006580761633813381
-0.019472787156701088
-0.015500730834901333
-0.014189972542226315
-0.009545079432427883
0.014497429132461548
0.0018638710025697947
-0.01817401871085167
-0.014380399137735367
0.0011361486976966262
-0.005506786052137613
-0.004491754341870546
0.005055852234363556
-0.0009721232927404344
-0.0008661571191623807
0.004537984263151884
0.006326014641672373
0.00029835954774171114
-0.04321392625570297
0.0008121021091938019
0.004229236394166946
0.0009403247386217117
0.009528794325888157
0.01107955351471901
0.0038010673597455025
-0.004989525303244591
-0.02145131677389145
0.002814255189150572
0.0051242392510175705
-0.010449585504829884
-0.011469201184809208
0.003847285406664014
0.008771570399403572
-0.011463581584393978
-0.010732131078839302
0.006461745128035545
-0.006838302593678236
0.0069125499576330185
0.004931931849569082
0.010614621452987194
0.019087694585323334
0.00775551050901413
-0.0008238963782787323
0.00407932884991169
-0.0006546778604388237
0.004536726512014866
0.007707817479968071
-0.0019738110713660717
0.0009568806272000074
-0.006895010359585285
-0.010323354974389076
-0.008546754717826843
0.0014457536162808537
0.0030785207636654377
0.0013071477878838778
0.016741499304771423
-0.0017883789259940386
-0.004405937157571316
-0.0016393890837207437
0.0014014272019267082
-0.0035808358807116747
0.00012372597120702267
-0.005202697589993477
-0.003181255655363202
0.003712237114086747
-0.011850552633404732
-0.009132063947618008
-0.013695238158106804
-0.003983216360211372
0.013743950054049492
-0.0003111567348241806
-0.016018478199839592
-0.016234004870057106
0.0003042409662157297
-0.0051598628051579
-0.003056662855669856
0.0033797486685216427
-0.0032661776058375835
-0.002199821872636676
0.006776439491659403
0.009746994823217392
-0.005897498689591885
-0.009906253777444363
0.0007399877067655325
0.0046591972932219505
0.003292074427008629
0.0032871768344193697
0.012092147022485733
0.006207504775375128
-0.0018146387301385403
-0.019587315618991852
0.0026306037325412035
0.003351436462253332
-0.00777729507535696
-0.007876322604715824
0.004356836434453726
0.004145247861742973
-0.013178812339901924
-0.0032708828803151846
0.004484923556447029
-0.009775979444384575
0.012152910232543945
0.005766458343714476
0.00885505136102438
0.014961710199713707
0.004895462654531002
0.0011979357805103064
0.0026792739517986774
-0.000674692215397954
0.005432458594441414
0.007529526017606258
-0.0023081768304109573
0.0003511745890136808
-0.0059977201744914055
-0.009310797788202763
-0.008404267951846123
0.0016841504257172346
0.0031682010740041733
0.0005269000539556146
0.017360612750053406
-0.0007905315142124891
-0.004430712200701237
-0.001462570740841329
0.001379218534566462
-0.003773635718971491
-0.0009985081851482391
-0.006035983562469482
-0.002754457760602236
0.0036237563472241163
-0.010348397307097912
-0.009253809228539467
-0.014364507980644703
-0.004035571590065956
0.014088987372815609
-0.0011606394546106458
-0.016208918765187263
-0.01709572970867157
0.000986405648291111
-0.005608660168945789
-0.002877086866647005
0.004160463809967041
-0.0035898960195481777
-0.002748927567154169
0.00721025513485074
0.010568664409220219
-0.007543815765529871
-0.001874198205769062
0.00038909679278731346
0.004919840954244137
0.002750041428953409
0.0023967167362570763
0.01232240442186594
0.006160430610179901
-0.0006357543170452118
-0.01963789016008377
0.0022144862450659275
0.0027847157325595617
-0.006093708798289299
-0.007422966416925192
0.004425826948136091
0.00434831902384758
-0.015006083063781261
-0.0024024571757763624
0.004772930406033993
-0.00988936610519886
0.011719517409801483
0.006179845426231623
0.009098365902900696
0.014612318016588688
0.004411595873534679
0.0035094204358756542
-0.0016122551169246435
-0.003942708484828472
-0.002580806612968445
-0.000575151527300477
0.0068263341672718525
-0.0033063532318919897
-0.003020879812538624
-0.0029869666323065758
-0.006990148685872555
0.002459007315337658
-0.007098489906638861
-0.00560922222211957
-8.211808744817972e-05
-0.013204999268054962
0.012705286964774132
0.003081813920289278
-0.003695443505421281
-0.010176360607147217
-0.0010696012759581208
-0.000864911125972867
-0.005028695799410343
0.0021586562506854534
-0.004354096949100494
0.006065251771360636
0.005157900042831898
0.008365986868739128
-0.0020984027069061995
-0.006073771510273218
-0.005031987093389034
-0.001531057059764862
-0.0005100653506815434
-0.0024161203764379025
-0.003935123328119516
-0.009664156474173069
0.001773135387338698
-0.004370680078864098
0.00043436058331280947
-0.0006817267276346684
-0.005490061827003956
0.010259168222546577
-0.0007157319923862815
0.013131962157785892
-0.003990555182099342
0.0013935256283730268
0.007841618731617928
0.008849606849253178
0.001223610364831984
-0.010020299814641476
0.011276963166892529
-0.006944743916392326
-0.006991665810346603
-0.001965500181540847
-0.0060155028477311134
0.0014141276478767395
0.002509698271751404
-0.0035622594878077507
-0.0067939721047878265
0.008391041308641434
-0.00023080676328390837
0.009848250076174736
0.0115252286195755
0.04577689617872238
0.009022233076393604
0.00211881916038692
-0.0005911157932132483
0.0008420094382017851
0.00030202732887119055
0.0018492811359465122
0.005988596472889185
-0.0054380036890506744
-0.0034750227350741625
-0.0017376213800162077
-0.008159313350915909
0.002426997059956193
-0.004323247354477644
-0.006365973502397537
-0.00016077631153166294
-0.011102316901087761
0.013584019616246223
0.0026967141311615705
-0.005641540512442589
-0.010660314001142979
0.002035205252468586
-0.0021103834733366966
-0.005304444115608931
0.004756532143801451
-0.00735502690076828
0.005889517720788717
0.004609636962413788
0.006968398578464985
-0.0011561913415789604
-0.006341181229799986
-0.00012505310587584972
-0.0026263264007866383
-0.0012822390999644995
-0.0017192527884617448
-0.0017529362812638283
-0.007387199904769659
0.0020291905384510756
-0.005646837409585714
0.0025970488786697388
-0.00423023384064436
-0.004759426228702068
0.011011685244739056
0.0031212233006954193
0.010935835540294647
-0.0019570104777812958
-0.00023835222236812115
0.0033157675061374903
0.006519481539726257
-0.0010802336037158966
-0.0018442547880113125
0.01121380552649498
-0.007133970502763987
-0.0055098808370530605
-0.0021215323358774185
-0.0041341111063957214
0.00016906694509088993
-0.0007028055842965841
-0.0035162242129445076
-0.005965026095509529
0.011187629774212837
-0.004553542006760836
0.01058791484683752
0.008371257223188877
0.043269507586956024
0.006820422597229481
2.7394911739975214e-05
-0.001713678240776062
-0.00012338487431406975
-0.0011628487845882773
0.00020087347365915775
0.0057342778891325
-0.005229688715189695
-0.003345492295920849
-0.003278863150626421
-0.008011610247194767
0.0029428168199956417
-0.003487957641482353
-0.0060204677283763885
5.07727381773293e-05
0.00983995757997036
0.012823566794395447
0.0016608965815976262
-0.005696400534361601
-0.010774715803563595
0.0033386307768523693
-0.0023300726898014545
-0.003293304704129696
0.0041528246365487576
-0.009371403604745865
0.006715304218232632
0.006134839728474617
0.007486587390303612
-0.00027451704954728484
-0.007406427059322596
-0.00012572691775858402
-0.0016369109507650137
-0.0015052316011860967
-0.0015791954938322306
-0.0020196898840367794
-0.00735974358394742
0.002164983656257391
-0.007020697463303804
0.002150653162971139
-0.0031778200063854456
-0.0058018662966787815
0.01190719474107027
0.002660724800080061
0.0100626889616251
-0.0016099384520202875
3.4973490983247757e-06
0.0018032982479780912
0.008183840662240982
-0.0023924147244542837
-0.0012277767527848482
0.012202104553580284
-0.006931943818926811
-0.004006277769804001
-0.0007437042077071965
-0.0065518952906131744
0.0004501261282712221
-0.0017399104544892907
-0.001449823728762567
-0.008289730176329613
0.010736871510744095
-0.00531505374237895
0.009343646466732025
0.010343266651034355
0.04195805639028549
0.008064216002821922
