-0.09868912398815155
0.8277382850646973
0.05104508996009827
-0.8513389825820923
1.2491058111190796
1.6415044069290161
0.10086898505687714
0.8359730243682861
0.3827299475669861
-0.37127697467803955
0.327684223651886
0.5303534865379333
-1.2480871677398682
1.5616005659103394
0.6823450326919556
-1.539703130722046
0.8984200954437256
-0.4858062267303467
0.12027972936630249
0.6861214637756348
0.1594187617301941
-0.45774969458580017
0.43297427892684937
-0.8411017060279846
-0.9150784015655518
-0.7644685506820679
0.7427262663841248
-0.3387986719608307
0.7784084677696228
-0.21219760179519653
-0.3545425832271576
1.115762710571289
-0.07844406366348267
-1.1956632137298584
0.4333496391773224
-0.5337846279144287
0.49762779474258423
-1.0410741567611694
-0.6294121146202087
1.2576477527618408
-0.8592342138290405
1.2054630517959595
-0.7537463307380676
0.8976195454597473
-1.0052207708358765
-0.1520523875951767
-0.14387303590774536
-0.6197665333747864
0.07271832227706909
-0.38193559646606445
-0.7455283403396606
0.015587151050567627
0.2096363753080368
0.27092263102531433
0.268832266330719
-0.7399543523788452
0.6042302846908569
0.8914295434951782
0.5774770975112915
0.3296826481819153
0.46582362055778503
0.126846045255661
0.7026533484458923
-0.24854859709739685
-0.5437764525413513
2.532007932662964
1.0065138339996338
-2.212939977645874
2.232520818710327
-0.917691171169281
1.239304542541504
0.26191356778144836
-0.9153313636779785
2.5091450214385986
1.5903644561767578
1.253603458404541
0.6799321174621582
-0.04661378264427185
1.1790615320205688
-2.4634737968444824
-2.0895981788635254
-1.141286015510559
-1.6471848487854004
0.9282982349395752
2.363792896270752
1.5609465837478638
1.0956530570983887
1.2507448196411133
2.211482524871826
-0.7234392762184143
-1.9048290252685547
-0.8288789987564087
-3.0365467071533203
-1.1974263191223145
0.9391477704048157
-0.8885465264320374
1.1216435432434082
-1.0311312675476074
3.272430896759033
0.17273321747779846
-1.5264148712158203
0.29860350489616394
-2.576814651489258
-0.3184942603111267
-0.6856826543807983
0.441228985786438
0.535664975643158
-0.44809088110923767
-0.3278399109840393
6.322788238525391
-0.17610472440719604
-4.788016319274902
3.7730095386505127
-0.5554115772247314
0.6713734865188599
4.1418304443359375
-0.7625690698623657
-0.4297952651977539
-0.26238489151000977
-1.298883080482483
-0.6222571134567261
1.042709469795227
-0.4179365038871765
-1.3074651956558228
0.9141156673431396
-0.3709372282028198
0.9617618322372437
-0.276397168636322
-0.4753972291946411
-0.2086450755596161
0.465213805437088
0.18672460317611694
0.46482187509536743
0.26030927896499634
-0.38166266679763794
-0.24087834358215332
0.20061787962913513
-0.31556957960128784
-0.030653268098831177
0.4846261739730835
0.015725113451480865
0.19337302446365356
0.07604680955410004
0.4837338626384735
-3.1421704292297363
3.8210368156433105
0.08917748928070068
-0.15268637239933014
0.16936729848384857
-0.20455002784729004
-0.23698633909225464
0.5854734778404236
0.00355331227183342
0.12972114980220795
0.009354932233691216
-0.3068891763687134
0.4162076413631439
0.0467526912689209
0.4239940047264099
-0.3275045156478882
0.07705166935920715
-0.0023630931973457336
-0.015586435794830322
-0.40367844700813293
0.5713807940483093
1.111160159111023
0.07911019772291183
0.03839564323425293
-0.40742388367652893
0.409321665763855
0.2290729284286499
-1.2723205089569092
0.5865269899368286
0.605999231338501
0.014835286885499954
0.044137343764305115
0.03529125452041626
-0.7493050694465637
0.5113335847854614
-0.17995253205299377
-0.31588876247406006
-0.05251748859882355
-0.48270389437675476
1.0463582277297974
-1.2539994716644287
-0.2059439718723297
-0.5591198205947876
0.6446471810340881
-0.2678661644458771
0.5167697072029114
-0.4984939396381378
-0.37557971477508545
0.07812799513339996
-0.35580065846443176
0.05012933909893036
-0.22958709299564362
0.19277849793434143
0.017908990383148193
0.21989016234874725
0.3696410357952118
-0.4297525882720947
0.05676518753170967
0.4393194019794464
0.11886082589626312
-0.937800407409668
0.22913041710853577
0.25513213872909546
-0.016988351941108704
-0.08127298206090927
0.4023587703704834
-0.11643212288618088
1.1579456329345703
-0.6364275217056274
0.33898839354515076
0.4210189878940582
-0.6051455140113831
0.7510664463043213
0.4064062237739563
1.0925747156143188
0.3318844437599182
-0.9761348962783813
0.05002870038151741
-0.1918172538280487
1.2171001434326172
-0.24899309873580933
1.0264534950256348
0.2195238173007965
-0.5150194764137268
0.4417497515678406
-0.8422118425369263
0.46705374121665955
0.09936359524726868
-0.19748136401176453
0.9496129751205444
-1.1289182901382446
-1.5335285663604736
-2.024125337600708
-0.5897089838981628
-0.3012799024581909
0.025017542764544487
-0.755373477935791
0.46430444717407227
-0.13239337503910065
0.3112381100654602
-0.06044541299343109
0.12341134995222092
0.4628370702266693
-0.4446898102760315
-0.12899243831634521
0.5750479102134705
-0.6518661975860596
-0.2887636423110962
-0.16093823313713074
0.1721254289150238
-0.628777265548706
0.41985827684402466
1.5452704429626465
-0.4317426383495331
-1.0876059532165527
-0.1551055610179901
0.09119653701782227
-0.005903720855712891
-1.1838593482971191
0.051260948181152344
-0.10899898409843445
0.3815900683403015
-0.19081935286521912
0.34308791160583496
0.7014967203140259
0.3731977939605713
-1.1234698295593262
-0.5572026371955872
-0.42848649621009827
0.12409678101539612
-0.1413758397102356
0.2790325880050659
-0.45131716132164
-0.14822939038276672
0.38775742053985596
-0.5791934728622437
0.7115603685379028
0.5625767111778259
-0.2714269459247589
0.20733113586902618
0.1435163915157318
-0.24343988299369812
-0.5192310810089111
-0.4147235155105591
0.06909295171499252
0.70090651512146
-0.5591726303100586
0.6279342174530029
-0.6318755149841309
1.0234402418136597
-0.7998815178871155
0.19910232722759247
-0.2440170794725418
0.8281008005142212
-0.5230351686477661
2.2192864418029785
0.6029192805290222
0.5756209492683411
-0.36650320887565613
0.908944308757782
-0.004837527871131897
-1.7941062450408936
0.09148299694061279
-0.43428096175193787
0.2566438317298889
0.5416334271430969
1.3806792497634888
-0.5162057876586914
0.8056046366691589
1.3348307609558105
1.3540942668914795
-0.7516269683837891
-1.1600329875946045
0.8328685760498047
-0.9151290655136108
0.5352824330329895
