-0.054473876953125
0.0090789794921875
0.0272369384765625
-0.018157958984375
0.018157958984375
-0.0272369384765625
-0.03631591796875
0.0453948974609375
0.0090789794921875
-0.018157958984375
-0.0272369384765625
-0.018157958984375
0.0998687744140625
-0.03631591796875
-0.1361846923828125
0.018157958984375
0.0453948974609375
0.0635528564453125
-0.03631591796875
-0.0090789794921875
-0.0272369384765625
0.03631591796875
0.0090789794921875
-0.090789794921875
0.018157958984375
0.018157958984375
-0.0726318359375
-0.03631591796875
-0.054473876953125
-0.0
0.1361846923828125
-0.0090789794921875
