-0.07137393951416016
-0.02529144287109375
0.0102996826171875
0.03478527069091797
-0.018148422241210938
0.03946495056152344
-0.12450790405273438
0.06969833374023438
0.05137825012207031
-0.0334625244140625
-0.05896759033203125
0.05638694763183594
-0.013492584228515625
0.032568931579589844
-0.0077075958251953125
-0.0351262092590332
0.006519317626953125
0.0063686370849609375
-0.002941131591796875
-0.04143714904785156
-0.1103372573852539
0.06177806854248047
0.08013153076171875
-0.04797935485839844
0.04941558837890625
0.06470489501953125
0.007843017578125
-0.018911361694335938
0.00510406494140625
-0.050174713134765625
-0.05497932434082031
0.02742147445678711
