-0.003339208895340562
0.014061979949474335
0.010743943974375725
-0.02759108692407608
-0.019373277202248573
-0.008988347835838795
0.0033377923537045717
-0.009634938091039658
0.06302149593830109
-0.03871634602546692
-0.017232783138751984
0.07490736991167068
0.034276604652404785
0.03021894209086895
-0.048508014529943466
0.0063043562695384026
-0.01953960955142975
0.005442677065730095
-0.014957265928387642
0.01890881173312664
-0.010689234361052513
0.021287279203534126
0.029678037390112877
0.00812416709959507
-0.001959857065230608
-0.0146400211378932
-0.018966777250170708
-0.01149592362344265
-0.013212385587394238
-0.007285465952008963
-0.01964164525270462
-0.012503477744758129
0.01401486061513424
0.12868496775627136
0.2096583992242813
0.005195836070924997
0.0232610572129488
0.01662718690931797
-0.002903360640630126
0.012846000492572784
0.011495303362607956
0.010634339414536953
0.0005805496475659311
-0.03517536073923111
0.022842494770884514
-0.02039780095219612
0.007524425163865089
0.023270368576049805
0.008757414296269417
0.02174217626452446
-0.016548827290534973
0.01772041618824005
0.015066658146679401
0.035873252898454666
-0.029702961444854736
-0.013819685205817223
0.019756276160478592
-0.017227187752723694
-0.004899389110505581
-0.009301037527620792
0.047810181975364685
0.03173054754734039
-0.00890935305505991
0.009934240952134132
0.008829426020383835
-0.04956583306193352
-0.001052353996783495
-0.005464254878461361
0.021418871358036995
-0.008738746866583824
-0.049954455345869064
0.031153475865721703
-0.01476365141570568
-0.0007158686639741063
0.010628622956573963
-0.011502617038786411
0.010941831395030022
-0.0017484340351074934
0.040721189230680466
0.004794999957084656
0.03552638739347458
0.0061762104742228985
0.004942989442497492
0.01699955016374588
-0.013549103401601315
-0.006267773453146219
0.023346150293946266
-0.02628372423350811
-0.01467859372496605
0.000893161806743592
-0.01114143617451191
-0.017825178802013397
-0.022063765674829483
-0.01618681289255619
-0.019928252324461937
-0.00870440248399973
-0.02604118548333645
-0.01914971135556698
-0.0013523732777684927
0.0034163862001150846
0.02910698391497135
0.004328357987105846
-0.008110694587230682
-0.008381773717701435
-0.030147533863782883
0.011415130458772182
0.00513874227181077
-0.026536399498581886
-0.027991674840450287
0.04052847623825073
-0.016747578978538513
0.005427406169474125
-0.01871856115758419
0.02238350547850132
0.0053020985797047615
0.05821378529071808
-0.012159310281276703
-0.026477418839931488
-0.008653338067233562
0.015250231139361858
-0.008363996632397175
0.028304453939199448
-0.010076900944113731
-0.00818482507020235
-0.011290036141872406
0.024244239553809166
-0.011872206814587116
0.00822335947304964
0.009306007996201515
0.023318009451031685
-0.0025710451882332563
0.004260535817593336
-0.00875896867364645
0.010343053378164768
0.007965748198330402
-0.015366369858384132
0.0073961373418569565
0.008137673139572144
0.009461014531552792
0.011532812379300594
-0.017599185928702354
-0.011777403764426708
-0.00023100771068129689
-0.004459059797227383
0.012263813987374306
0.0027840961702167988
-0.004023255780339241
-0.004503848496824503
-0.004390039946883917
0.0024502177257090807
-0.003175500314682722
-0.03757428750395775
-0.015025286935269833
-0.0024761566892266273
-0.01959518902003765
0.0027743142563849688
-0.004157581832259893
0.008114310912787914
-0.0017217476852238178
0.022180045023560524
-0.014609730802476406
0.018083494156599045
0.013468424789607525
0.003815753385424614
0.004914197605103254
0.018195129930973053
-0.007700542453676462
-0.00962223019450903
0.01871776394546032
-0.014746574684977531
-0.008662322536110878
-0.0057104299776256084
0.01617979258298874
-0.005725212395191193
-0.00292862206697464
-0.01962434872984886
-0.012230626307427883
0.026377448812127113
-0.03271104767918587
-0.012900016270577908
-0.01395835168659687
0.008056203834712505
0.010428179986774921
0.009027150459587574
-0.007196936756372452
-0.00029523897683247924
0.005918378941714764
0.004976066295057535
0.01220221072435379
-0.0038210791535675526
-0.028691092506051064
0.0006665136315859854
-0.03509475663304329
0.017787018790841103
-0.02416873909533024
0.0078026182018220425
0.030958758667111397
-0.007923489436507225
-0.0005275686271488667
-0.015743939206004143
-0.03126354143023491
-0.0330229252576828
-0.006162955425679684
-0.010232063010334969
0.018579551950097084
0.011180246248841286
-0.032780811190605164
0.012313591316342354
-0.0038774104323238134
-0.011941595003008842
0.0041535235941410065
0.022573333233594894
0.01768173836171627
-0.004088503774255514
-0.009087047539651394
-0.031858667731285095
0.009959245100617409
0.015867140144109726
0.0248425155878067
0.0031375596299767494
0.012643112801015377
-0.01499517448246479
-0.003478658152744174
-0.004397381097078323
0.0012073061661794782
-0.008665481582283974
-0.03947601467370987
-0.00982003565877676
0.0018444504821673036
-0.0040878672152757645
0.012815230526030064
0.013954415917396545
-0.06896436214447021
0.027962107211351395
-0.007430613972246647
0.041370246559381485
0.007107139565050602
0.016471898183226585
0.009381944313645363
-0.021508067846298218
-0.010850971564650536
0.01894179917871952
0.008014296181499958
-0.029244616627693176
-0.01563306711614132
0.018108652904629707
-0.020078865811228752
0.02554040215909481
0.004007563926279545
-0.011321550235152245
-0.02282036282122135
0.06141461431980133
-0.0048515996895730495
-0.005382111296057701
0.024535758420825005
-0.009071800857782364
-0.008615422993898392
0.008026303723454475
-0.035656336694955826
-0.02385658025741577
-0.020333895459771156
0.020641056820750237
-0.008390244096517563
0.008648374117910862
-0.019345907494425774
-0.006591380573809147
0.009975211694836617
-0.009575496427714825
0.00426947046071291
-0.006872861180454493
0.2339867800474167
0.002369997091591358
-0.014008144848048687
-0.0224365945905447
0.0004793669213540852
0.011700179427862167
-0.017300549894571304
0.019218850880861282
-0.012249615043401718
-0.036945611238479614
0.0012847743928432465
0.020781977102160454
0.0404658317565918
0.0025463830679655075
-0.02714730054140091
-0.025686679407954216
0.013343612663447857
-0.006478883791714907
0.004862398840487003
-0.024662649258971214
-0.015574394725263119
0.009707596153020859
-0.006903917528688908
-0.006630709860473871
0.017312435433268547
-0.02135329879820347
-0.008931465446949005
-0.010815568268299103
0.010505128651857376
-0.02246175706386566
0.01773837022483349
0.003938411362469196
0.03579102084040642
-0.0014288588427007198
-0.040935415774583817
0.02625592239201069
-0.004153586458414793
0.009062220342457294
0.0017964578000828624
-0.030727511271834373
0.024794239550828934
-0.009796620346605778
0.01285715401172638
-0.030796760693192482
-0.007246593479067087
0.010118737816810608
0.005329758860170841
0.0343317985534668
-0.04067268967628479
0.017732081934809685
