-0.01003226358
-0.002354016295
0.01345251128
0.0001984758856
0.05129216611
-0.01206087228
0.02321013995
0.005783495028
-0.01554920059
-0.005573479924
0.008783712052
-0.01624732837
-0.00824367255
0.005254995544
-0.01209722087
-0.01403178368
0.01052383799
0.01590461098
-0.003009448294
-0.02868668921
-0.004548790399
0.009278747253
0.001189124421
-0.009360676631
0.0338309072
0.1655565798
0.01194086298
0.02937904745
-0.007431306411
0.01338846702
0.004846504424
0.0103022838
-0.01942875981
0.00776639441
-0.001161127118
-0.04970492423
-0.008205808699
-0.02074444853
-0.00203229161
-0.03833635151
0.03531665355
0.005007280502
-0.02591267601
-0.0001141647153
0.005778810941
-0.01770175807
-0.005096696317
-0.006644865032
-0.005135017447
0.004521880765
-0.002912397962
-0.0150065124
0.007028075866
-0.009522774257
-0.0008072962519
-0.003916408867
0.01374958456
0.07037783414
0.004321333952
-0.001298284391
-0.00213320367
-0.02514497936
0.001005926868
-0.01115525048
-0.01665921696
0.005729183555
-0.01697650738
-0.04263727367
0.01877740026
0.003650298808
-0.008626038209
-0.000386182568
0.002608187729
-0.006865899079
-0.006937702186
-0.005261979997
-0.0009897140553
0.005036868621
-0.00165340479
0.02620607801
0.01487482153
0.01587035693
-0.0007471371209
-0.001969725126
0.003939450253
-0.005402674899
-0.004129630979
-0.1116397604
0.02045603283
-0.01029302739
-0.003409662284
0.0139797125
0.03051618673
0.001368619385
0.01608382538
0.004599259701
0.002869900782
-0.05401973426
0.02892860025
-0.004676913377
2.724163824e-05
8.404709661e-05
-0.0082038166
-0.0203619469
-0.005349033978
-0.007275198586
0.004081408959
-0.0285022147
0.000321326399
-0.001169484574
-7.203579298e-05
-0.01718250662
-0.008548204787
-0.007848153822
0.002099127509
-0.02590393089
0.03265537322
-0.0007994723856
0.001513872761
-0.004386848304
-0.004827583209
0.00519964518
-0.002878100378
0.01372632571
0.005451786332
-0.00183673657
-0.0101635484
0.01611244492
0.011003308
0.009135480039
-0.0005007785512
0.0257189963
0.001572815469
-0.003086279612
0.004803982563
0.002251866739
-0.001284786034
0.007823928259
-0.004119694233
0.002477053553
0.02001542971
-0.003806062276
-0.03031350113
0.0007448034594
-0.0064891004
0.0003264333936
0.03216154501
-0.01691634953
0.01263140142
0.005353275221
0.0002106397296
0.01185517665
0.01178651489
-0.0354805775
0.005458013155
-0.04522586614
-0.0001533975155
0.01700945012
-0.001561759855
0.01575957611
0.01616890728
-0.002544579562
0.07566103339
-0.02541737817
-0.004798912909
0.00992747955
0.01570511982
0.0137499366
-0.005083475262
0.01478967071
-0.002717552707
-0.01519055851
-0.04441448301
-0.01283751894
0.01727456972
0.004878105596
-0.005814016797
0.001178793376
0.0003167699324
0.003198012244
-0.00259705889
-0
-0.00457118731
0.005341893062
-0.01135673281
-0.01715104654
-0.007738886867
-0.0003301265533
-0.003498868085
0.001002599602
-0.01171442494
-0.0005225188215
-0.001832445036
0.001605061349
0.08889900148
-0.01692537218
-0.01544871554
0.003008152591
8.760959463e-05
0.002527971519
-0.01048640069
-0.00138018548
0
-0.004831234459
-0.02589499019
0.01285921689
0.004413918592
-0.01521598175
0.003314451547
0.01223859284
0.004368442111
-0.009287955239
-0.003996602725
-0.001156981685
0.005882884376
0.0203976538
0.01204598602
0.0009362857672
0.0118132513
-0.05188895762
0.00685361214
0.02545627393
0.00975877326
-0.003710367018
-0.01268815994
-0.008126010187
0.01763276011
-0.009151556529
0.01600159518
-0.01248373184
-0.001706973184
0.0165075548
-0.03174084425
0.001912040054
-0.02913097851
-0.01346668974
-0.02105607651
-0.01560551766
-0.007505060174
-0.02197600342
0.04452440143
0.01142752077
-0.0006166909006
-0.004960784223
0.002563867019
-0.005747831892
-0.002794700209
-0.003475274658
0.009931789711
0.00979976356
0.0004024674708
-0.003291289555
0.0006984620704
-0.02193767205
0.002044279128
-0.01199310459
-0.005002362654
-0.004262064118
0.005173529964
0.002214476233
0.01500387769
-0.14036569
-6.846689939e-05
-0.008731668815
0.01453637891
0.01372226421
0.007178326137
0.004133688752
-0.01713384129
0.01063911337
-0.00158149167
-0.007398704067
-0.007809504867
0.006607055664
0.005580319557
-0.01809023693
0.005965178367
-0.0101159839
-0.003250038018
0.02695028298
-0.003748562653
-0.007674711291
-0.002233732492
-0.001514830044
-0.009676298127
0.01993456483
0.005443118513
-0.0006729012239
-0.000474075292
-0.0001084482501
-0.007873035967
0.002254679333
-0.02578969486
0.006620122585
-0.004266677424
9.13582553e-05
-0.007260124199
0.0007043404039
-0.001951609855
-1.05846107
0.02382341214
-0.005412359722
0.0002048682509
-0.002123179846
0.0139987655
-0.009969126433
0.009030004963
-0.03070879169
0.0177038908
-0.02080513164
-0.007693564519
0.0009449053905
0.000257355161
-0.004711969756
-0.006411303766
0.08097657561
-0.03815177083
0.03380157053
0.01854988933
0.01663101278
0.01625436358
0.001245912281
-0.005034763832
-0.003335211193
0.0063254009
-0.002268199343
-0.018296808
-0.008818290196
0.006815246772
-0.0004600291722
0.00379524054
-0.001079790643
0.00715600932
0.1199142709
0.002367233392
0.007021834143
0.003173349425
0.002436450683
0.02458600141
0.001035065623
-0.01095870323
0.0003146727395
-0.001648437814
-0.005007608794
-0.03042901307
-0.006287597585
0.009205907583
0.08699662983
-0.009660612792
0.005963340867
-0.005763142835
0.001827338128
-0.0043368591
0.01768684387
-0.003464773297
0.02353217453
0.00189501897
0.002344025299
-0.02101962455
-0.0006599568296
-0.002439483069
-0.01024582982
0.1805641949
0.003431775374
0.0001944515679
0.021531092
0.0001567397558
0.001249203924
0.008782139048
0.007052110042
-0.002054115525
-0.02494636737
-0.0004054020683
0.0009369030013
0.04337801784
-0.004581985995
-0.002998089651
-0.002501943382
0.02070850134
-0.00607160246
0.002689323854
0.007365589496
0.009398492053
-0.003348838771
4.776051355e-06
-0.0183802247
0.01563408971
0.003447585739
-0.001067475998
-0.003529178444
-0.004535079468
0.001125245355
0.01516767312
0.01759474352
-0.02077076212
-0.003828756744
-0.001914378372
-0.0004549236328
-0.0005023416597
-0.001175175072
-0.00060829008
-0
0.001008336665
0.007540605031
-0.003955407534
-0.01936298609
0.005459997337
-0.008125756867
-0.006215640809
0.00873770006
-0.0183583051
0.0004311004595
-0.001707961666
-0.006778263487
0.03032317013
0.03387061134
0.009606049396
0.005773332436
-0.009567236528
-0.02267609723
0.0002406363783
0.0123297032
-0.01364252996
0.01637103595
0.002222005278
-0.001311856322
-0.001991071971
-0.004852024838
0.01888219267
-0.01353773661
0.003346349578
-0.002002715599
0.006231317762
0.01244419999
0.002499513328
-0.002611098811
-0.002937607467
0.000960604928
0.003737626364
-0.0001136776409
-0.003084609285
0.006339022424
0.02698717453
-0.001504947664
0.01521442924
-0.0005705410731
-0.0006889186334
0.006829028018
-0.0003096495348
0.0003274789487
0.003677952336
0.005348822568
-0.03105373681
0.004104402848
-0.0169939734
0.01050843578
0.001100329217
-0.001702890499
-0
-0.007684838958
-0.0003303898848
0.01982921362
-0.001825513202
0.01540460996
0.0118067069
0.003999427427
0.01108188741
-0.01111681852
-0.001216766192
0.000960604928
-0.005108671263
0.02659128979
-0.008773525245
-0.004047639668
-0.008558115922
-0.0006222100346
0.005963027943
0.0005195999402
0.01748300903
-0.008776435629
-0.005570226349
-0.0002340935607
0.004777909722
-0.001302520628
-0.001078055822
-0.01517406479
-0.01001500245
0.01588234864
0.001440575696
0.00593837304
-0.0112494966
-0.02913164347
0.005492195021
0.003813024145
0.001336534158
0
-0.006023407448
0.0009453778621
0.01627850533
-0.1174069196
0.01234293263
-0.0001980791712
0.002163614612
0.01074579451
0.02197978459
0.003433372127
-0.009033610113
-0.002821127418
-0.006237492897
-0.03434972838
0.003934572451
0.0007635551738
0.002851279452
-0.005402424373
0.00865316391
-0.04552114755
0.0009198372136
0.009561125189
0.0001932521845
0.005686364602
0.01008150261
0.00011194322
0.01936192624
-0.02070281468
0.0002407555148
0.004042101558
-0.01195896324
0.005700399633
-0.003898511874
-0.001949795755
-0.01324911043
0.0005025636638
0.01153251342
0
-0.002364370273
-0.0143028209
-0.02049552836
0.01264452282
-0.002660186496
0.000540890207
0.02898998745
-0.000102024198
0.01894519106
0.05349738523
-0.04531461
-0.002148086904
0.004026028793
0.06622904539
-0.0005716612795
0.01782345586
-0.004454775248
0.02903620899
0.001041364623
0.0009319450473
0.006949692965
-4.13931557e-05
0.02423721738
-0.001297784387
-0.0006622904912
0.01091733575
0.01960728317
-0.03576368839
0.097412467
0.006148844026
0.004484839737
0.0005777612678
0.0009803641587
-0.01464881841
-0.0008470346802
0.01925870962
-0.01907396689
-0.0084420247
-0.0151420515
0.02593389899
-0.000285177055
0.002329345327
-0.00593463704
-0.06880614907
-0.002211676911
0.002476107096
0.01182650123
0.001621777774
0.005491321441
-0.0002061890991
0.01790014841
3.040832962e-05
-0.002454052679
-0.0005132658989
0.009035618976
0.001860588789
-0.001240392565
0.002285637194
0.007240970153
0.008050967939
0.01293323096
0.004272760358
-0.01650114171
-0.01664817147
-0.004186325241
0.003020783653
0.01176234335
0.03253892064
-0.008176610805
0.005271668546
-0.001996034058
0.004822561052
-0.01386085246
-0.00936086569
-0.003295608331
-0.01290230546
-0.003321355209
-0.006102024578
0.01837301441
-0.002181795426
-0.001668401645
0.02180044726
-0.009244181216
0.008298753761
0.04802524671
0.0007236176752
-0.006593275815
0.005993886851
0.02025563084
0.01060979906
-0.1423702687
-0.0007497508195
-0.01412580069
0.00471477909
0.1193834022
0.001932050218
0.00187437702
-0.0007044362137
-0.0005820095539
-0.00164265465
-0.001158612198
0.004304888193
-0.0135449497
-0.01612376235
0.002327523194
-0.001483023749
-0.008327748626
0.01557174791
0.005561338738
-0.0138734011
0.0253468696
-0.01505839452
-1.130760938e-05
-0.009086371399
0.007857173681
0.008344860747
-0.0015104739
-0.01060932316
0.00563548971
0.01403453667
-0.00453177793
0.07177834213
-0.00563976774
0.008229355328
0.00407261122
0.001139361411
0.006559527479
0.002553937957
-8.555905879e-06
-0.01275400352
0.01363668684
0.04672379792
0.02477505058
-1.996377978e-05
-0.007971252315
-0.0004566714633
-0.01870891452
-0.007815820165
0.002045169706
-4.411723057e-05
-0.00417214632
-0.0002011570468
-0.001963363029
-0.00391971413
0.007383939344
0.00387997902
-0.03295644745
-0.0323160179
-0.02413066477
0.005560524296
0.006556230132
-0.0146457525
-0.001645485172
-0.003134368686
-0.0003529378446
0.02092851512
0.0009466214105
-0.004777516704
-0.002275397535
0.02506793663
0.01291962899
-0.01558185648
-0.01654483937
-0.006708157249
-0.0009942445904
-0.004384844098
0.008498556912
0.01947585866
0.0005726474919
0.007678151596
-0.002447535982
0.007086677477
0.0005578251439
-0.01190235931
0.005340078846
-0.001723616966
-0.1891842037
0.002585425507
0.0230964683
0.01248107664
0.004763450939
-0.0101536708
0.001629601466
0.04545334727
0.005774117075
0.0003966930672
-4.816660658e-05
0.009359763004
-0.006688156631
-0.004753788002
-0.009088162333
-0.004880969878
-0.0003374110966
0.01128185727
-0.02772725187
0.004954615608
-0.003532892792
0.003028342966
0.000152513996
0.1153757945
-0.001096847234
0.4015338421
-0.001507420093
-0.005328803789
0.009630368091
0.002840958536
0.01282444037
0.006943227723
0.0004948939313
0.01198445819
0.01218241546
-0.01388913114
0.02557130344
-0.00535020465
-0.0001692002115
-0.005383642856
-0.000228721241
0.03176550195
0.01073786058
-0.04437459633
-0.003460244974
-0.01317354105
0.003228848567
0.0001500983199
0.00476703234
0.009229103103
0.001971550286
0.001167682116
-0.00161509309
-0.01348251477
0.001893972396
-0.00500244135
0.03683615848
-0.006484447978
0.01405556221
-0.0003806714667
-0.003709106706
0.001455444843
-0.01118913759
0.02272315882
0.004839191213
-0.003750318894
-0.01634067483
-0.002955897711
0.02162452415
-0.01345689967
-0.01060240529
0.0009760807152
-0.00841056183
-0.03576793522
0.02421764657
0
0.0008295330917
0.003552933922
0.03232779354
0.02084908262
-0.007467017043
0.007461594418
1.272209374e-05
-0.007971325889
-0.0039563803
-0.04189121351
-0.0003166839597
-0.001161535969
-2.914685501e-05
0.007343380246
0.01012573205
-0.01384888496
0.006826647557
0.003511407645
0.02622189559
-0.01052383706
0.03252696618
0.002510950901
-0.007394380867
-0.003705267794
-0.008220594376
0.02298973873
0.007892877795
0.03589413315
-0.004110297188
0.02598418668
-0.00733899232
0.007856529206
0.01130389422
0.0002538645058
-0.003184845671
0.01116080675
0.007726712152
-0.01607654803
0.0135702109
-0.0001352982508
-0.004440321121
-0.004107989371
0.0008942954591
0.01987759024
-0.01390485093
9.116043657e-05
-0.0115564419
-0.01801754348
-0.005942374934
-0.0009746644064
-0.0003590869019
0.006250984035
-0.0002432215115
0.01661676355
-0.005551688373
-0.008920128457
-0.01613305509
0.007739313878
-0.09117332846
0.003002923913
0.02245626785
-0.00346255512
0.02109050564
0.02386142686
0.005702709779
0.005466328468
-0.007698822767
0.01063717902
-0.009665388614
0.003549009562
0.001351534622
-0.003539160127
-0.0009893014794
-0.002134002047
0.01087027788
-0.001068095444
-0.007560933474
0.004887411837
-0.008748785593
-0.005195372738
0.006315943319
-0.01410622429
0.0006459488068
-0.003440198023
0.04340775684
-0.000752738677
-0.002382369945
-0.01341906376
-0.00400071498
3.148711039e-05
-0.01536385715
-0.004519326147
-0.01063569728
7.691804171e-07
-0.01010180544
-0.00805884786
0.002956083976
-0.008376496844
0.00369510497
-0.02130010165
-0.01014625747
-0.0003000536235
0.01176599134
-0.01009624824
-0.008842321113
-0.003280215897
-0.001251149457
0.01665297709
-0.0006575249135
-0.05118692294
0.003781916574
-0.007679675706
0.009107263759
-0.01268815994
0.008973534219
-0.000722311961
-0.007195862941
-0.001312597538
-0.005153287202
0.002234652871
0.006316822954
-0.006296379957
0.01392920781
0.006139652338
0.0352127105
0.01325459499
-0.2622128725
-0.0007972689345
0.005105587188
-0.0004727395717
0.002246577758
-0.0006856853142
-0.02639505267
-0.01843939908
-0.006886665709
-0.005795531441
-0.01853479818
-0.003802359337
0.0009062971221
-0.0006784451543
-0.001314727124
-0.007873030379
-0.002087783301
0.01359182876
-0.007460426074
0.009191574529
0.00533519499
0.0004584226408
0.01232061069
-0.0004192154156
7.57754533e-05
0.01166162826
-0.007431271952
-0.008205362596
0.0003511683026
0.0004192154156
0.02299049683
0.0009570578113
-0.01260662172
0.004061463755
-0.004843596835
5.390989827e-05
-0.0003759870015
0.002441653283
-0
0.00738904858
-0.009222739376
-0.008143033832
-0.007199044339
-0.02316240594
0.001248598448
-0.001212658477
0.01795086451
-0.001278757816
