-0.033105600625276566
-0.22456452250480652
0.43074849247932434
-0.4359593689441681
-0.08573072403669357
0.17555230855941772
-0.3369852900505066
0.07528075575828552
0.03231632709503174
-0.193610280752182
0.15796241164207458
-0.07432806491851807
0.03512969985604286
-0.13524474203586578
0.25988900661468506
-0.07519923895597458
-0.031093817204236984
-0.44013112783432007
0.09753166884183884
-0.012520307675004005
-0.514783501625061
0.33930620551109314
0.2463013380765915
0.18685732781887054
0.02518419362604618
0.27824440598487854
0.26192906498908997
0.019301502034068108
-0.04483548924326897
0.25202488899230957
0.19933152198791504
-0.2041035145521164
1.4951114654541016
0.011111347936093807
0.10086917132139206
0.32790908217430115
-0.20865829288959503
0.16347253322601318
-0.07039353996515274
0.1552707701921463
0.2008817195892334
0.1253816932439804
-0.0399748757481575
0.31792205572128296
-0.0962231382727623
-0.21898557245731354
0.2462368905544281
0.125947043299675
0.10807342082262039
-0.11460227519273758
0.580475926399231
-0.48928534984588623
0.4999384582042694
-0.17034843564033508
0.5212410092353821
-0.13397157192230225
0.26096394658088684
-0.5379775762557983
-0.5622802376747131
0.30316880345344543
-0.09592202305793762
0.34823980927467346
0.17959663271903992
-0.16229771077632904
-0.5707738399505615
0.11473163962364197
0.08729039877653122
0.11390116810798645
0.07640945166349411
0.1329927295446396
-0.501133143901825
-0.10194100439548492
-0.2022240310907364
0.1661594808101654
-0.11735045164823532
-0.01434125192463398
0.102285236120224
-0.3436885476112366
0.06529416143894196
0.016279732808470726
0.325749933719635
-0.3655819594860077
-0.09482331573963165
0.48449379205703735
0.6384666562080383
-0.5168489813804626
0.3024933338165283
-0.36893951892852783
0.03159750625491142
0.3116585314273834
0.09319884330034256
-0.020236309617757797
-0.03037356771528721
-0.21735908091068268
0.1317066103219986
0.009048054926097393
-0.24344977736473083
-0.05100701376795769
0.22537660598754883
-0.14234820008277893
0.4334695637226105
-0.2282169908285141
0.21144291758537292
-0.18670488893985748
-0.291151225566864
0.21861836314201355
-0.3916053771972656
0.0416400209069252
-0.020899541676044464
0.3107449412345886
-0.003090956248342991
-0.03974699601531029
0.07696601003408432
0.25992801785469055
0.4384404718875885
0.025838565081357956
0.059600479900836945
0.03823651373386383
-0.24068626761436462
0.09867379069328308
-0.08991362899541855
-0.39530861377716064
-0.16247719526290894
-0.4923219382762909
-0.01743469573557377
0.25127974152565
-0.059043675661087036
0.42865049839019775
0.1915082484483719
0.26483437418937683
-0.08191641420125961
0.0031037817243486643
0.2760359048843384
-0.056971531361341476
-0.010857248678803444
0.019301805645227432
-0.18863341212272644
-0.09219955652952194
-0.12176663428544998
-0.02539534494280815
0.33310577273368835
-0.40841367840766907
-0.627179741859436
-0.21909764409065247
-0.1140955239534378
0.42587485909461975
0.010978729464113712
-0.07857010513544083
-0.21162331104278564
-0.6236592531204224
0.046230681240558624
-0.27593639492988586
0.35545170307159424
0.0707605630159378
0.11053329706192017
0.10087848454713821
0.1830187886953354
0.38278770446777344
0.6317680478096008
0.16233603656291962
-0.6113790273666382
0.19369789958000183
-0.3042936325073242
0.337890625
-0.6654177904129028
0.034098267555236816
-0.4172789752483368
0.29931405186653137
-0.21020840108394623
0.3075355291366577
0.22062228620052338
0.3075684905052185
-0.46813321113586426
-0.08642261475324631
0.013385443948209286
-0.1003144308924675
0.0010694456286728382
0.14492112398147583
0.778565526008606
-0.24536386132240295
0.024282129481434822
-0.07960283756256104
0.45223844051361084
0.8896234035491943
0.27652135491371155
-0.4609606862068176
-0.05771356448531151
0.019944507628679276
0.11306153237819672
-0.42462587356567383
-0.011029054410755634
0.7780007719993591
0.12458675354719162
-0.5067416429519653
0.21884149312973022
-0.018746143206954002
0.13092227280139923
-0.45463088154792786
0.37470531463623047
0.3512037396430969
-0.3032595217227936
0.665027916431427
0.003518820507451892
-0.10947294533252716
0.2487446367740631
-0.40022051334381104
0.30708959698677063
0.09948142617940903
-0.01709228754043579
-0.08043263852596283
0.24674414098262787
-0.5083175897598267
0.05459512025117874
-0.21691080927848816
0.14917810261249542
-0.22332952916622162
-0.09950383752584457
-0.05659318342804909
-0.10292398929595947
0.2512611150741577
0.11587254703044891
-0.16978955268859863
0.3266240656375885
-0.4431499242782593
-0.12707877159118652
-0.02858818881213665
0.19403225183486938
-0.046240970492362976
-0.25414955615997314
-0.02054666355252266
0.21961519122123718
0.43807438015937805
-0.21984420716762543
0.20903316140174866
-0.40336060523986816
0.07067272067070007
-0.10617262125015259
0.10498995333909988
0.17185349762439728
0.6065480709075928
0.13339205086231232
-0.09367568045854568
0.31923460960388184
0.8331312537193298
0.22804144024848938
-0.5529249906539917
-0.15042951703071594
0.2383340448141098
0.4086332321166992
0.35636043548583984
0.18994684517383575
0.25911468267440796
-0.3705819249153137
0.25454387068748474
-0.12314161658287048
-0.0498167909681797
0.5733070969581604
0.4115047752857208
-0.244334876537323
0.227863147854805
0.16402356326580048
-0.23246915638446808
-0.019269660115242004
-0.1629648059606552
-0.35070860385894775
0.47464656829833984
0.1896071434020996
0.36822107434272766
-0.2857135534286499
0.15282291173934937
0.06027257815003395
-0.16752585768699646
-0.04340660572052002
0.03219109773635864
0.025783879682421684
-0.10062986612319946
-0.11661630123853683
-0.21687708795070648
0.10694514214992523
0.4231675863265991
0.48278191685676575
0.3147226572036743
0.06829708069562912
0.024041393771767616
-0.2811467945575714
-0.20268553495407104
-0.07347990572452545
-0.22020764648914337
0.09615257382392883
0.4771382510662079
0.21691380441188812
-0.17306149005889893
0.11881843954324722
0.9709805846214294
0.027927003800868988
-0.07572322338819504
-0.33843937516212463
0.2820836305618286
-0.6493232250213623
0.39763057231903076
0.14201006293296814
-0.1401282399892807
0.7599005103111267
-0.35951951146125793
0.22944582998752594
0.3692736029624939
-0.32284361124038696
0.08264794945716858
-0.06247834116220474
0.18392394483089447
-0.1952855885028839
0.14131584763526917
0.318409264087677
-0.12506715953350067
0.3247859477996826
0.3650168180465698
-0.11740720272064209
0.18616412580013275
-0.20627127587795258
0.30063024163246155
0.13559913635253906
0.13767051696777344
0.49254560470581055
-0.20886321365833282
-0.24138101935386658
0.07293470203876495
0.05978703498840332
0.3877793848514557
0.7673896551132202
-0.47472384572029114
-0.0481698140501976
-0.36066702008247375
-0.15342223644256592
0.31791529059410095
0.20439739525318146
0.20418398082256317
0.401195764541626
-0.5481848120689392
-0.532256543636322
0.05140245333313942
-0.012620925903320312
-0.6842183470726013
0.4121500849723816
-0.07411826401948929
0.9403124451637268
-0.04869019612669945
-0.08123167604207993
-0.14214667677879333
0.020301952958106995
0.23462966084480286
0.1939573734998703
-0.014923768118023872
0.2859523594379425
0.3187747597694397
-0.14361046254634857
-0.3890627324581146
-0.2280518114566803
0.028234034776687622
0.09720917791128159
0.23613665997982025
0.2829165458679199
-0.034861113876104355
0.002527849515900016
0.541856586933136
0.3547801673412323
-0.1004306972026825
-0.2005855143070221
-0.08678019791841507
0.17742542922496796
-0.38550829887390137
-0.2544234097003937
0.165911465883255
0.06760519742965698
0.2825905978679657
-0.11251717805862427
0.16986079514026642
-0.34147486090660095
0.18924899399280548
0.03907168656587601
-0.19964314997196198
0.27810436487197876
-0.17152319848537445
0.1543026864528656
0.00038419885095208883
0.04523605480790138
0.30651259422302246
-0.2045954167842865
-0.013125157915055752
0.01248092669993639
0.0694107711315155
-0.2353503406047821
-0.27711814641952515
0.40157410502433777
-0.15288059413433075
0.03639588505029678
-0.35706865787506104
-0.2932572364807129
0.3444935083389282
0.32711756229400635
0.19167953729629517
-0.19768168032169342
0.00932672806084156
0.0909837931394577
0.07858095318078995
0.14124642312526703
0.8834500908851624
-0.24712005257606506
0.07434619963169098
-0.17323100566864014
-0.7817376255989075
-0.14368443191051483
0.3863805830478668
0.22050587832927704
-0.5332683324813843
-0.1149129793047905
0.04576145112514496
-0.3867815434932709
0.16697068512439728
-0.12864702939987183
-0.0017411925364285707
0.14188657701015472
0.13109955191612244
0.04533332958817482
0.06351706385612488
0.4086666703224182
0.1758398860692978
0.1287676990032196
-0.15438012778759003
0.04424586519598961
0.09989659488201141
-0.10534298419952393
-0.08412100374698639
0.24516357481479645
0.37898513674736023
0.0876694992184639
0.21653255820274353
0.5553213357925415
0.06741676479578018
-0.012837599031627178
0.852744996547699
0.5020083785057068
-0.040628109127283096
0.5671567916870117
0.04997111111879349
0.11707314103841782
0.0908806174993515
-0.3265814781188965
-0.015704400837421417
0.0761212706565857
-0.31011441349983215
0.22400011122226715
0.028045931831002235
0.31999149918556213
0.030209291726350784
-0.12470784038305283
0.08328641206026077
-0.025297071784734726
0.097193144261837
-0.16030994057655334
0.2201649248600006
-0.7595534920692444
0.11571672558784485
-0.31817084550857544
0.2987768352031708
0.6808075904846191
-0.005513983778655529
0.27599528431892395
-0.26379331946372986
0.004891871474683285
0.2533785402774811
-0.6377952694892883
0.027422793209552765
-0.21512651443481445
-0.9241554141044617
0.427815318107605
-0.16468656063079834
-0.49347949028015137
-0.2685908377170563
0.12219689041376114
-0.09197250753641129
0.027111144736409187
0.4699706435203552
0.0952935665845871
-0.3115297853946686
0.19520147144794464
-0.3004775643348694
-0.12512561678886414
0.6677989363670349
0.09917618334293365
0.028357189148664474
-0.41223347187042236
-0.29501909017562866
0.14742295444011688
0.21925126016139984
-0.2228955775499344
0.4716571271419525
0.11732196807861328
-0.3696402311325073
0.33132392168045044
-0.014735134318470955
0.24608401954174042
0.2500116229057312
0.47027766704559326
0.031049475073814392
-0.28512582182884216
0.18099699914455414
-0.42021840810775757
0.16400957107543945
0.18913987278938293
0.4990909993648529
-0.5276892185211182
0.2900223731994629
0.07779070734977722
-0.41573137044906616
0.06466788053512573
0.3425484597682953
-0.2960186004638672
0.3291688859462738
-0.39810651540756226
-0.3148361146450043
-0.25591710209846497
-0.5208234190940857
0.1244201809167862
-0.05939995124936104
-0.10601817816495895
-0.37592700123786926
0.3481006622314453
0.457197368144989
0.12500296533107758
-0.04401228949427605
0.03948640078306198
-0.428095281124115
0.01728510856628418
-0.09814966470003128
-0.0078093186020851135
-0.10291464626789093
-0.1793985813856125
-0.010675261728465557
0.1614338457584381
-0.32401594519615173
0.1573564112186432
0.015282176434993744
0.2999419569969177
-0.32526591420173645
0.1349748969078064
-5.887713632546365e-05
-0.3442569673061371
-0.06541189551353455
0.16110311448574066
-0.2465193271636963
0.12462634593248367
0.29622015357017517
0.20839479565620422
0.31958839297294617
-0.003753287484869361
0.24311430752277374
-0.2670307457447052
0.117916539311409
0.10880998522043228
0.10362021625041962
0.17336449027061462
-0.10187876969575882
-0.0541115365922451
0.27420178055763245
-0.24869287014007568
0.05011206492781639
1.5294781923294067
0.24338586628437042
-0.46327316761016846
-0.15472827851772308
0.2748561501502991
-0.49870240688323975
0.26393723487854004
-0.3404669761657715
0.2577238976955414
0.2626149356365204
-0.2343081384897232
0.3121988773345947
-0.08337479084730148
-0.02835504524409771
0.13498587906360626
-0.014691440388560295
-0.19885486364364624
0.15492312610149384
0.023489421233534813
0.032700736075639725
0.1065194234251976
-0.31883302330970764
0.2732149362564087
0.7966498732566833
0.10774843394756317
0.37839365005493164
0.026678092777729034
0.008252397179603577
0.08659017086029053
0.05952352657914162
-0.374872088432312
-0.24791480600833893
0.2835124433040619
-0.2560202479362488
-0.12769286334514618
-0.12302842736244202
-0.14677447080612183
0.8417884111404419
0.3526759743690491
0.18277645111083984
-0.5410078763961792
0.05957319214940071
-0.18684250116348267
0.06253500282764435
0.27803656458854675
-0.2646166682243347
-0.5194640755653381
0.13266417384147644
-0.07952284812927246
-0.05316968262195587
-0.46376338601112366
0.12338653951883316
0.18418866395950317
0.0016936998581513762
-0.297081857919693
-0.3925100862979889
-0.597589910030365
-0.2136242687702179
-0.11929479241371155
0.15546652674674988
-0.035056114196777344
0.04162278026342392
0.0431843176484108
0.2815110981464386
0.22431984543800354
0.04111349210143089
0.32178163528442383
-0.1268305778503418
-0.2605150640010834
0.12912686169147491
-0.012277165427803993
0.2898526191711426
-0.344379186630249
-0.5848088264465332
-0.6772850155830383
-0.22688555717468262
-0.5726211071014404
0.08702867478132248
-0.017688501626253128
0.38577133417129517
0.011205524206161499
-0.23860430717468262
0.20443326234817505
0.5224103331565857
-0.4188717007637024
-0.1819908320903778
0.24712252616882324
0.14958743751049042
0.03817644342780113
-0.037503644824028015
0.5280435085296631
0.43378084897994995
-0.3834945857524872
-0.5040326714515686
-0.3288319408893585
0.1759064942598343
-0.31566569209098816
-0.26856735348701477
0.3290141224861145
-0.1432063728570938
0.15197327733039856
-0.14370708167552948
0.07876378297805786
-0.05466385930776596
-0.19221167266368866
-0.05421443656086922
0.3678590655326843
-0.14849606156349182
0.019010217860341072
-0.5663071274757385
0.21631798148155212
-0.17128337919712067
-0.03380456194281578
0.2579699754714966
0.252565860748291
-0.06810516864061356
0.7162200808525085
0.1291791945695877
-0.3445635437965393
-0.3031778037548065
-0.46243998408317566
0.3543228209018707
-0.0003475898993201554
0.26952704787254333
0.17647382616996765
0.0093133095651865
-0.04028605669736862
-0.5006229877471924
-0.12165409326553345
-0.3752814531326294
0.32584434747695923
0.37879589200019836
0.08843299746513367
0.04383018985390663
-0.09077178686857224
0.11279024183750153
-0.33189016580581665
0.019840450957417488
-0.3177519142627716
-0.14193286001682281
0.854985237121582
-0.008242873474955559
0.37678200006484985
-0.07431340962648392
0.06865148991346359
-0.1568271368741989
-0.18760362267494202
-0.2854442298412323
0.096900574862957
-0.3075730502605438
0.2506312429904938
-0.2281343787908554
0.37074828147888184
0.14432254433631897
-0.46157193183898926
-0.308492511510849
0.11337394267320633
-0.3314686119556427
-0.21889495849609375
-0.07255714386701584
-0.031008441001176834
-0.21726636588573456
-0.23393140733242035
0.3252485990524292
-0.24000230431556702
-0.19355648756027222
0.1866084337234497
0.472298800945282
-0.15714040398597717
0.024406587705016136
0.15759526193141937
0.28287044167518616
0.4325447976589203
-0.26159894466400146
0.3238963186740875
-0.1071578860282898
0.1578538417816162
-0.1531480848789215
-0.2175138294696808
-0.024212554097175598
0.14759232103824615
0.08423545956611633
-0.18475499749183655
0.06265975534915924
-0.05989012122154236
-0.15106269717216492
0.26327750086784363
0.15144012868404388
0.05040212720632553
-0.31607362627983093
0.13445515930652618
-0.10055127739906311
0.06760387867689133
0.06511935591697693
-0.2715286910533905
0.3257753252983093
-0.45944398641586304
-0.5447142124176025
-0.14163705706596375
0.16185373067855835
0.3335029184818268
-0.0927858054637909
0.2471255511045456
0.07301313430070877
0.09961745887994766
0.046125058084726334
0.30051669478416443
-0.0851503536105156
0.4700579047203064
0.07869279384613037
-0.3743601441383362
0.37201398611068726
0.08077632635831833
0.31521713733673096
-0.16854895651340485
0.4581869840621948
0.324795126914978
-0.8529692888259888
0.1886059194803238
0.68277508020401
0.27967071533203125
0.35718876123428345
0.010336868464946747
0.11334235221147537
-0.8645988702774048
-0.32531049847602844
-0.17847979068756104
-0.1127040833234787
0.29942771792411804
0.007332652807235718
0.20104125142097473
0.17274904251098633
0.4395992159843445
0.044589199125766754
0.01804160885512829
0.2094961255788803
0.21105682849884033
0.22431793808937073
0.28967127203941345
0.35665199160575867
-0.07890468090772629
-0.2679610252380371
0.24383367598056793
0.40710052847862244
-0.34178125858306885
0.9428955912590027
0.16347841918468475
0.002748040249571204
-0.0639561340212822
-0.18557889759540558
0.010096427984535694
0.3933827877044678
-0.25726041197776794
-0.08757909387350082
0.3322189748287201
0.19423645734786987
0.032675787806510925
0.003928151447325945
0.7287635207176208
-0.2057882845401764
0.018641551956534386
-0.047605980187654495
0.1287505030632019
0.29035305976867676
0.33259186148643494
0.1438647359609604
0.021742278710007668
0.10792986303567886
0.5903170108795166
0.3049672544002533
0.18714779615402222
-0.23771756887435913
0.042119044810533524
-0.16327212750911713
0.5192389488220215
-0.3107259273529053
-0.08650847524404526
-0.255016028881073
0.7015583515167236
0.2756308913230896
0.41638585925102234
0.12358676642179489
0.09807299077510834
-0.3279683291912079
-1.43356192111969
0.17386294901371002
0.1901327520608902
0.2724464535713196
0.13049666583538055
0.32954543828964233
0.028369305655360222
0.010274341329932213
-0.27882078289985657
0.3933652341365814
-0.36769530177116394
0.2805054485797882
0.0736960619688034
0.002221107017248869
0.2805984914302826
0.13553348183631897
0.1997900754213333
0.11483090370893478
-0.7152920961380005
-0.45076102018356323
0.1903182566165924
-0.10334503650665283
-0.5051404237747192
0.4694405198097229
-0.41868892312049866
-0.11931272596120834
0.38394540548324585
-0.07777772843837738
0.06190003082156181
-0.3474823832511902
-0.07890474796295166
0.5023497939109802
-0.09345676749944687
0.4219795763492584
-0.38263213634490967
0.20503628253936768
-0.2606382966041565
-0.1616276055574417
0.39779675006866455
0.13335151970386505
-0.524541437625885
0.26694369316101074
-0.1867658942937851
-0.045299649238586426
-0.15489690005779266
0.22491899132728577
0.20664475858211517
0.11041448265314102
0.30607670545578003
-0.01995379850268364
-0.18439428508281708
-0.06980225443840027
-0.02396377921104431
-0.267068475484848
0.2705475091934204
-0.22626306116580963
0.35232579708099365
0.35853883624076843
0.39399152994155884
-0.14537346363067627
-0.18179766833782196
0.14073652029037476
-0.09566695988178253
-0.181508868932724
-0.25012508034706116
0.0684971958398819
0.1330089271068573
-0.3516269028186798
0.11228519678115845
-0.21438384056091309
0.2431410849094391
-0.5334568023681641
-0.18232515454292297
0.1397169828414917
0.012163440696895123
0.7194254398345947
-0.23206773400306702
0.03907281160354614
0.14578665792942047
-0.11468396335840225
-0.349030464887619
-0.5204576253890991
0.33980506658554077
-0.010115240700542927
-0.06934559345245361
-0.30546140670776367
-0.19251519441604614
-0.22554148733615875
-0.21557524800300598
-0.4392964243888855
-0.1874590516090393
0.2604770064353943
0.18657584488391876
-0.5451405048370361
-0.5413722395896912
0.0673452690243721
0.1096862182021141
0.010108073242008686
-0.09783656150102615
0.45414963364601135
0.534656822681427
-0.11488056927919388
0.09280645847320557
0.16809572279453278
-0.13565167784690857
-0.12618213891983032
-0.39952996373176575
-0.27843010425567627
-0.07768634706735611
-0.03152177110314369
0.16367100179195404
-0.19131910800933838
-0.2007984071969986
-0.21321387588977814
-0.2763839364051819
0.18254971504211426
-0.0778813511133194
-0.13178232312202454
-0.5920528173446655
-0.6104938387870789
-0.18038126826286316
-0.010362953878939152
-0.15411193668842316
-0.38313838839530945
-0.019603773951530457
0.24485483765602112
0.1261894404888153
-0.2695819139480591
0.4044378399848938
0.4953197240829468
0.12138804793357849
-0.24573974311351776
0.46057403087615967
-0.3030347526073456
0.001367752905935049
-0.10201629996299744
0.047155074775218964
0.042221490293741226
0.08172233402729034
0.16507108509540558
0.2974175810813904
0.4521123766899109
-0.3360216021537781
0.6276190280914307
-0.15410016477108002
-1.2181951999664307
-0.7422656416893005
0.2010335624217987
0.27258825302124023
0.2145763486623764
-0.0015660027274861932
0.23080666363239288
0.2546890676021576
0.42310893535614014
0.3728511333465576
-0.19865161180496216
0.14941173791885376
-0.020155716687440872
0.039402805268764496
-0.048415638506412506
-0.1245826706290245
-0.44329479336738586
-0.16034993529319763
0.1804596483707428
-0.151979461312294
0.34700679779052734
-0.08485526591539383
-0.026704177260398865
0.15079692006111145
0.03297004848718643
-0.058449141681194305
-0.31608977913856506
0.1657179743051529
0.2618499994277954
-0.24277904629707336
0.05587073042988777
-0.38667726516723633
0.1833288073539734
-0.17886053025722504
-0.15327125787734985
0.16763702034950256
-0.2713328003883362
0.3865082859992981
0.8452168107032776
-0.0020246882922947407
0.20667685568332672
0.3429546058177948
0.39968523383140564
-0.3369087278842926
-0.0936117097735405
-0.4238021671772003
-0.12995979189872742
0.4601001441478729
-0.15470196306705475
0.08961199969053268
0.13559645414352417
0.07551327347755432
-0.19279049336910248
-0.21497155725955963
0.2215280681848526
-0.14412327110767365
-0.19358442723751068
-0.03699258714914322
-0.3970072269439697
0.4153483510017395
0.33618053793907166
0.3382011651992798
-0.3355080187320709
-0.42761266231536865
0.8670375347137451
-0.07325134426355362
-1.0161552429199219
-0.0585322305560112
-1.4158375263214111
0.22875340282917023
-0.19128203392028809
0.5060638189315796
0.20381814241409302
-0.22714181244373322
0.10876065492630005
-0.41076233983039856
-0.15781177580356598
0.5534822344779968
0.171696275472641
0.08107002824544907
-0.05957668647170067
0.023913852870464325
0.10668253153562546
0.15800990164279938
0.008905787020921707
0.050873495638370514
-0.16153298318386078
0.4015885889530182
-0.29349246621131897
0.5392742156982422
0.046839769929647446
0.38286256790161133
-0.19026139378547668
-0.05369161069393158
0.03983410447835922
-0.675696611404419
0.19477654993534088
-0.04171273112297058
-0.10861567407846451
-0.09879625588655472
0.1891021877527237
-0.4909496307373047
-0.2666757106781006
-0.23938705027103424
-0.09695924818515778
0.2990746796131134
-0.09081447869539261
0.21208693087100983
-0.1846068799495697
0.09759137779474258
0.24541223049163818
-0.003393181599676609
0.502999484539032
-0.10234559327363968
0.031057605519890785
-0.22927646338939667
0.36744725704193115
0.6469482183456421
0.04895080253481865
0.1335451900959015
0.26715585589408875
-0.3408152163028717
-0.15682640671730042
0.15109363198280334
0.20981667935848236
-0.09303861856460571
0.05504845827817917
0.039924416691064835
-0.21303707361221313
-0.4048975110054016
0.38332727551460266
0.06410200893878937
0.16346728801727295
0.23198047280311584
0.28399601578712463
-0.9529184103012085
-0.29447147250175476
0.221868097782135
0.2067710906267166
0.15613625943660736
0.2711005210876465
0.07730117440223694
-0.27899304032325745
0.2000594586133957
0.12023432552814484
0.10500043630599976
0.14836113154888153
-0.5155688524246216
0.4974895417690277
0.613796055316925
-0.14134803414344788
-0.17752864956855774
-0.01736505888402462
-0.06264800578355789
-0.13675948977470398
0.14804084599018097
0.6874458193778992
-0.15213645994663239
0.05596635118126869
0.0023314980790019035
-0.20328909158706665
0.1479479968547821
-0.29701757431030273
-0.14558100700378418
0.02425006963312626
0.307841032743454
-0.05000859871506691
-0.14942114055156708
0.021013887599110603
-0.1321226954460144
-0.10535651445388794
-0.3232593536376953
0.3120728135108948
0.33560606837272644
-0.05838315188884735
-0.11517076194286346
0.1054331585764885
0.42380350828170776
-0.04385757818818092
-0.10874481499195099
-0.0674683153629303
0.40276971459388733
0.20913872122764587
-0.4053741991519928
-0.4362698495388031
-0.10784871131181717
0.14185731112957
0.3831756114959717
0.19441840052604675
-0.012241429649293423
0.1973986029624939
-0.134715273976326
0.2298945039510727
0.09716174006462097
0.14217360317707062
0.2851536273956299
-0.4208754301071167
0.45119836926460266
0.4051588773727417
-0.33309537172317505
0.4084019362926483
0.1644323319196701
-0.8875868320465088
0.15947407484054565
0.3874177038669586
0.1293037086725235
0.08889680355787277
0.5062816143035889
0.4538867473602295
0.0028565609827637672
0.7182185053825378
0.01666676066815853
-0.06889420747756958
-0.16915763914585114
0.025930162519216537
-0.4575873017311096
0.16341151297092438
0.216378316283226
0.19157163798809052
-0.5178215503692627
-0.23073583841323853
0.1757444590330124
0.3225525915622711
0.039067354053258896
0.0972713753581047
0.3660408556461334
-0.15362703800201416
-0.05768401175737381
-0.3726089298725128
-0.028245260939002037
0.2034948766231537
-0.14072516560554504
0.24718543887138367
0.6031554937362671
0.41315317153930664
0.041276250034570694
0.13364005088806152
0.6870936155319214
0.08925041556358337
-0.1626136153936386
0.41549694538116455
-0.1688155233860016
0.04570426791906357
-0.1452728807926178
0.2281162142753601
0.04287432134151459
-0.29928410053253174
0.3258233666419983
-0.009612448513507843
0.1742037832736969
0.2096753716468811
0.06593909859657288
0.44531434774398804
-0.12743210792541504
-0.1894664466381073
0.04198673367500305
0.01493220217525959
0.047998640686273575
0.2328716367483139
0.22913232445716858
-0.04768206551671028
0.1779547780752182
0.01686249114573002
0.08906850963830948
-0.1866205781698227
-0.3107019364833832
-0.08230912685394287
-0.07342767715454102
-0.05283322185277939
-0.277127206325531
0.5852181315422058
0.03712712600827217
0.07608061283826828
0.004078804515302181
0.22609038650989532
-0.07951612025499344
-0.179627925157547
-0.4194996654987335
0.17313861846923828
0.3349786102771759
0.17103633284568787
-0.15588848292827606
0.2203499674797058
-0.22933129966259003
-0.19106972217559814
-0.17968043684959412
0.2645456790924072
-0.6753917932510376
0.03237197548151016
-0.9596260786056519
-0.1755303591489792
0.07704755663871765
0.18384848535060883
-0.2270234227180481
0.40654945373535156
0.16215990483760834
-0.008459804579615593
-0.22159262001514435
-0.2733014225959778
-0.3644554913043976
0.6940130591392517
-0.17176936566829681
0.33235272765159607
-0.09652431309223175
0.26745837926864624
0.19182103872299194
0.07493896782398224
0.1898363083600998
1.448495864868164
-0.4511338174343109
-0.10485178232192993
-0.3163750171661377
1.2584515810012817
-0.10141239315271378
-0.3447577655315399
-0.09991505742073059
-0.015122109092772007
0.22625182569026947
-0.26325833797454834
-0.18516436219215393
0.5251516699790955
0.03697604313492775
-0.35991331934928894
-0.28513970971107483
-0.16523607075214386
-0.6044589877128601
-0.09506243467330933
0.12333709001541138
-0.018274396657943726
-0.37938791513442993
-0.10571069270372391
-0.11028911173343658
0.4388731122016907
-0.15732721984386444
-0.5025932192802429
-0.10511239618062973
-0.11871162801980972
-0.6253912448883057
-0.1620032787322998
-0.19781087338924408
-0.332360178232193
0.2758714556694031
-0.3307739198207855
-0.012071186676621437
0.2524494230747223
-0.4414396584033966
0.0558752678334713
-0.12575408816337585
0.16105516254901886
-0.27068379521369934
-0.1170152947306633
0.07803500443696976
0.12452050298452377
-0.0026687104254961014
0.21558843553066254
0.08301092684268951
-0.22390875220298767
0.4516617953777313
0.022997131571173668
0.06387317925691605
0.1651097685098648
0.06432370841503143
-0.28731632232666016
-0.13163159787654877
0.33739733695983887
-0.3515848219394684
-0.07132446020841599
-0.19399003684520721
-0.25681406259536743
-0.35493800044059753
-0.3079536557197571
0.2860028147697449
-0.6555193066596985
-0.02280269004404545
-0.2733449935913086
0.15014536678791046
-0.4905983805656433
0.14671701192855835
0.22856390476226807
0.1024729460477829
0.33102482557296753
0.19328723847866058
-0.26427990198135376
-0.1544494777917862
0.05524192005395889
0.08222795277833939
-0.26238057017326355
-0.13433067500591278
0.13816817104816437
-0.14593522250652313
0.12468394637107849
-0.0032835593447089195
0.10755869746208191
-0.37848547101020813
-0.12161367386579514
-0.10983734577894211
-0.034307822585105896
0.5133334398269653
0.23974382877349854
0.1722453236579895
0.24495147168636322
-0.41271325945854187
-0.24436871707439423
0.14478328824043274
-0.21402540802955627
0.424012690782547
0.13019460439682007
0.47000399231910706
-0.48151376843452454
-0.15920712053775787
0.18614548444747925
0.2326594740152359
0.43284574151039124
-0.04775500297546387
0.5866380929946899
0.1604103296995163
-0.24895410239696503
-0.14206738770008087
0.1356966495513916
0.20123088359832764
-0.17964383959770203
0.17878808081150055
-0.36429962515830994
0.008198696188628674
0.15071026980876923
0.025652863085269928
0.4555441737174988
-0.005860469304025173
-0.2705574333667755
0.02582992985844612
0.05768785625696182
0.08213765174150467
-0.14411811530590057
0.44526782631874084
0.2808760702610016
0.32852795720100403
-0.18257547914981842
0.09117156267166138
-0.05845915153622627
0.12337680906057358
-0.4818151295185089
-0.15035273134708405
0.004828478209674358
-0.0801028311252594
0.04386989027261734
-0.05614396557211876
-0.0318463072180748
0.12662732601165771
-0.26477867364883423
-0.44745734333992004
-0.24456936120986938
-0.051647331565618515
-0.5761808753013611
0.1701122224330902
0.11091542989015579
-0.35726624727249146
-0.29912713170051575
0.09579502791166306
0.05584940314292908
-0.07844548672437668
0.08820410817861557
-0.05663599818944931
0.01094807405024767
-0.32557380199432373
-0.12561312317848206
0.283890962600708
0.3197785019874573
-0.3961490988731384
-0.24328011274337769
0.2004723846912384
-0.23218363523483276
0.32899999618530273
-0.12069439142942429
-0.1787567436695099
0.16934236884117126
-0.25658419728279114
0.16564077138900757
-0.5055645704269409
-0.0909663513302803
-0.05180370435118675
0.045314889401197433
-0.5352674722671509
-0.0025358623825013638
0.29711732268333435
0.1558530181646347
-0.282071590423584
0.5700958967208862
0.26620668172836304
0.054245974868535995
-0.04977989196777344
-0.10063236951828003
0.09172816574573517
0.03539412468671799
0.3386285603046417
0.14848192036151886
0.09280306845903397
0.3310314118862152
-0.3191598951816559
0.4983051121234894
-0.3385482728481293
0.02468155138194561
-0.43320658802986145
-0.3471386730670929
0.2881065607070923
-0.21320070326328278
-0.025759322568774223
0.14588016271591187
-0.4312788248062134
-0.27642107009887695
0.10662863403558731
-0.33072835206985474
0.3443019390106201
-0.26384437084198
-0.3831928074359894
0.4111877679824829
-0.07173017412424088
0.30271410942077637
-0.09020093828439713
0.0277346670627594
0.06309070438146591
-0.25814294815063477
-0.06201066076755524
0.3724293112754822
0.2738071382045746
-0.43772202730178833
0.3893311619758606
0.27462801337242126
-0.11904019862413406
-0.30304431915283203
-0.5196686387062073
-0.253799706697464
-0.3111802637577057
-0.3869419991970062
0.10837788879871368
-0.6403820514678955
-0.27794432640075684
0.032684147357940674
0.16178861260414124
-0.4389975965023041
-0.036780811846256256
-0.30747008323669434
-0.04241390526294708
-0.04363632574677467
0.18349850177764893
0.06076522171497345
-0.25483644008636475
-0.11489520221948624
0.015241243876516819
0.043344005942344666
-0.21602514386177063
0.0705154612660408
-0.23344041407108307
0.23960092663764954
-0.2706288695335388
-0.43906912207603455
0.11175739020109177
-0.5092121362686157
-0.037408892065286636
-0.12693561613559723
0.06215684860944748
0.19410710036754608
-0.36860716342926025
0.0009503999026492238
0.32633692026138306
-0.024389924481511116
-0.4142533540725708
-0.28926610946655273
0.06631194055080414
0.5191946029663086
0.21748843789100647
-0.11898395419120789
-0.7284159064292908
0.6351429224014282
0.4197280704975128
-0.010903914459049702
0.0034466243814677
0.4119948446750641
0.46758487820625305
-0.5302202105522156
0.2700904905796051
-0.18031537532806396
1.0671892166137695
0.2289450615644455
0.12291877716779709
-0.40589433908462524
0.3520824611186981
-0.6185480952262878
-0.08323250710964203
0.758223295211792
-0.06844621896743774
-0.29590973258018494
0.0014870580052956939
-0.4754728376865387
0.7874668836593628
0.004634062293916941
-0.38221636414527893
-0.35238420963287354
0.18075494468212128
0.17853516340255737
0.295576810836792
-0.07111771404743195
-0.029437800869345665
9.206769755110145e-05
-0.03944831341505051
0.11354445666074753
-0.35100555419921875
-0.14195437729358673
-0.23339465260505676
-0.032945409417152405
0.028003452345728874
0.06792473047971725
0.947044312953949
-0.0431763231754303
-0.6161825060844421
-0.3282390534877777
0.11363128572702408
0.3140082061290741
0.21439166367053986
0.13547773659229279
-0.11981385201215744
-0.01571911759674549
0.41789454221725464
-1.5550202131271362
0.5973594188690186
-0.10203135758638382
0.07473942637443542
0.37642231583595276
-0.3125142455101013
-0.042879585176706314
0.1574947088956833
0.19330169260501862
0.378988653421402
0.10046784579753876
0.045466527342796326
0.13951539993286133
-0.03449220210313797
0.16791588068008423
0.8852435350418091
-0.19943977892398834
-0.0007136136409826577
0.3656933009624481
0.2859601378440857
0.18996676802635193
-0.4894314706325531
-0.41724637150764465
0.5036667585372925
0.1331578493118286
0.004892099183052778
-0.3068627119064331
0.22156251966953278
0.02271328866481781
0.3514612913131714
1.0086592435836792
-0.0892854705452919
-0.5336345434188843
0.24403175711631775
-0.23432867228984833
-0.21835975348949432
0.010313225910067558
-0.2576088309288025
-0.4805212616920471
0.2877994775772095
-0.16395530104637146
-0.2893412113189697
-0.09650025516748428
-0.22882606089115143
-0.023926004767417908
0.11981338262557983
0.0828642025589943
0.444878488779068
0.0974254235625267
0.1525377482175827
-0.24251073598861694
0.2906392216682434
0.012019986286759377
1.3535456657409668
-0.4730100929737091
0.028002412989735603
-0.07860817015171051
0.10540731996297836
-0.08013466000556946
-0.1993979811668396
0.10658562928438187
-0.4352934956550598
-0.4426354467868805
-0.023711608722805977
-0.1548546850681305
-0.3480921685695648
-0.15324446558952332
-0.22941602766513824
-0.27751365303993225
-0.17095398902893066
0.22744780778884888
0.5524134039878845
0.11593274027109146
0.37398332357406616
-0.8142712712287903
0.14853666722774506
0.028964219614863396
-0.12108791619539261
-0.02522669918835163
0.12036538869142532
0.057686757296323776
-0.12165383249521255
0.11093124002218246
0.13238559663295746
0.11077333986759186
-0.1280437856912613
-0.2773200273513794
-0.14315007627010345
-0.6947165727615356
-0.10659363120794296
-0.9495049118995667
0.40956243872642517
0.21898111701011658
0.5514668822288513
0.45365476608276367
-0.3904624879360199
-0.10407958179712296
-0.22593945264816284
0.09185141324996948
-0.5663939714431763
-0.3233453631401062
-0.28871411085128784
-0.05446205660700798
0.41692793369293213
0.34851741790771484
0.23058941960334778
0.07859908789396286
0.32011324167251587
-0.367257684469223
0.08513935655355453
-0.16101403534412384
-0.01241969782859087
-0.025776943191885948
-0.308929979801178
0.2009299248456955
-0.05846715345978737
-0.18180806934833527
-0.07358574867248535
0.006110585294663906
-0.23762913048267365
0.10509569197893143
-0.07686532288789749
-0.5491876006126404
-0.27776798605918884
0.476433664560318
0.015569440089166164
0.1429886817932129
0.1725126951932907
0.1960335671901703
-0.048931244760751724
-0.0302585456520319
-0.23438824713230133
0.2737097144126892
0.06175138056278229
-0.10606759786605835
0.6053146719932556
0.10341507941484451
-0.30129891633987427
0.15458089113235474
0.20847374200820923
0.14136986434459686
0.0050368355587124825
0.3319617211818695
0.3005407452583313
0.16738811135292053
0.15863583981990814
0.5513412356376648
-0.38190406560897827
0.2220810353755951
0.47322267293930054
-0.5552037358283997
0.14940288662910461
-0.3998788595199585
-0.6165297627449036
0.03617258742451668
-0.4161304235458374
-0.1401994228363037
0.09763970226049423
0.11037883907556534
-0.3070257306098938
0.28116562962532043
-0.7840807437896729
-0.15746024250984192
0.5527185201644897
0.3998795747756958
0.21881285309791565
0.14099043607711792
-0.3416626751422882
-0.0074219247326254845
0.3596985340118408
0.3662463128566742
0.21462421119213104
0.010167410597205162
0.01915840432047844
0.3787764310836792
-0.26499032974243164
0.35572943091392517
0.18733841180801392
0.28495311737060547
0.5753249526023865
0.3510235548019409
-0.06956251710653305
0.41249045729637146
0.14376577734947205
-0.31039223074913025
-0.19301441311836243
-0.48072853684425354
-0.046260230243206024
0.2680467963218689
-0.5280381441116333
0.4989181458950043
0.17008927464485168
0.10553538054227829
-0.40803366899490356
-0.21529532968997955
-0.11281458288431168
-0.10626229643821716
0.21611090004444122
-0.17003187537193298
-0.24516354501247406
-0.34223026037216187
0.1507146656513214
0.2606962323188782
-0.5605145692825317
0.2891673147678375
-0.016076603904366493
-0.4525189995765686
-0.0666893944144249
-0.03973069041967392
-0.06328043341636658
0.05037033557891846
0.3076983392238617
0.2838539481163025
-0.5601326823234558
0.07139124721288681
-0.35421550273895264
-0.04509570077061653
-0.024777857586741447
0.22322797775268555
-0.34074655175209045
-0.19740277528762817
-0.2227344661951065
-0.18345968425273895
0.3771098554134369
-0.12863820791244507
0.31128543615341187
0.21756085753440857
-0.73016357421875
0.034283485263586044
0.1336149424314499
0.12769660353660583
-0.08922021836042404
0.15483787655830383
0.1126469075679779
-0.25260478258132935
-0.16221846640110016
0.22430776059627533
-0.07764606922864914
-0.1224357858300209
-1.0789207220077515
-0.40467897057533264
-0.2363356649875641
-0.2547721266746521
-0.3469119966030121
0.0700518861413002
0.6441740393638611
-0.4457034468650818
-0.5628080368041992
0.34055718779563904
-0.4049559235572815
0.03110918216407299
-0.36067354679107666
0.23894158005714417
0.03461785241961479
0.14179448783397675
0.059605203568935394
0.1121109202504158
-0.44943806529045105
-0.09861354529857635
-0.14548376202583313
0.19238629937171936
0.1010572537779808
0.25528791546821594
-0.3383456766605377
-0.14731235802173615
-0.1975574642419815
-0.15974099934101105
0.026812756434082985
0.1886218786239624
0.06694634258747101
0.28916221857070923
0.13661979138851166
-0.4214584529399872
0.03711920604109764
1.0341657400131226
0.10419531911611557
-0.12014802545309067
0.17236270010471344
0.3217870891094208
0.36634698510169983
-0.5314227342605591
-0.12399516999721527
0.11218991875648499
-0.018767306581139565
-0.38075950741767883
-0.07053187489509583
0.46896588802337646
-0.2828594148159027
0.28866463899612427
0.34340524673461914
-0.06624652445316315
0.0024886897299438715
0.2682078182697296
0.3007258176803589
0.05964876711368561
0.07174202799797058
-0.4354611337184906
-0.005885399412363768
-0.436735600233078
0.30853721499443054
0.3096833825111389
-0.5864951014518738
-0.041991058737039566
-0.06657398492097855
0.24600209295749664
-0.14169731736183167
0.2978881299495697
0.11034951359033585
-0.2823835015296936
-0.04127900302410126
-0.48736438155174255
-0.08801377564668655
0.36267009377479553
0.25279730558395386
0.31614571809768677
-0.04810357093811035
-0.34154292941093445
-0.0886973887681961
0.33496060967445374
-0.05663035437464714
-0.10864431411027908
0.34705740213394165
-0.13222000002861023
-0.39358019828796387
0.10836146026849747
0.07751330733299255
-0.011615286581218243
-0.40963661670684814
0.414233922958374
-0.09038041532039642
-0.2817287743091583
-0.20966124534606934
0.037304069846868515
0.29840320348739624
0.37029147148132324
-0.1846611201763153
0.21076510846614838
0.12184558063745499
-0.9449877738952637
0.24789588153362274
0.07761174440383911
0.33719921112060547
0.1618078202009201
-0.060706786811351776
0.6525638103485107
-0.10283177345991135
-0.36710265278816223
0.014935591258108616
-0.12326204031705856
-0.1686437577009201
-0.38030362129211426
-0.029761193320155144
-0.06923449039459229
-0.39035722613334656
0.3443497121334076
0.5480347871780396
0.3233007788658142
0.007536778692156076
0.025131816044449806
0.06593704223632812
-0.092784583568573
0.05771440267562866
0.45409780740737915
-0.033597517758607864
-0.6017305254936218
0.4823397994041443
-0.46902328729629517
0.18350964784622192
0.018839281052350998
-0.01769315078854561
-0.012692662887275219
-0.06768834590911865
0.07300754636526108
-0.2825498580932617
0.08091502636671066
-0.12991316616535187
-0.14723587036132812
-0.3761093020439148
0.001997079001739621
0.3670082688331604
-0.23435211181640625
0.008942480199038982
0.16592104732990265
0.4517967700958252
-0.5433167219161987
0.23460152745246887
-0.2147851586341858
0.0882204920053482
-0.03555190563201904
0.10791902244091034
0.1843663901090622
0.026953143998980522
-0.19394396245479584
-0.08424834907054901
-0.3009267747402191
-0.46814820170402527
0.05903048440814018
0.12609049677848816
-0.5362480282783508
-0.7223959565162659
-0.19097048044204712
-0.263744056224823
0.15767507255077362
-0.3023765981197357
0.10955636203289032
-0.06891363114118576
-0.1277068704366684
0.03416654095053673
-0.12711310386657715
-0.6527818441390991
0.41014984250068665
-0.20067249238491058
0.4125957489013672
0.11571717262268066
-0.7326360940933228
0.1651684194803238
0.4371088743209839
-0.07286760210990906
-0.08399897068738937
-0.19607365131378174
-0.1130172461271286
0.035732489079236984
-0.07519250363111496
0.033127814531326294
-0.028414366766810417
-0.1690846085548401
0.053882572799921036
-0.6289872527122498
-0.05140872299671173
0.26872825622558594
-0.05163378268480301
-0.19543950259685516
0.05721835047006607
0.00030699995113536716
0.2503219544887543
-0.015276376157999039
-0.43963778018951416
-0.17657408118247986
-0.08284679800271988
0.26587578654289246
-0.32008588314056396
0.2011278122663498
0.18144561350345612
-0.12777414917945862
0.17503304779529572
0.41918304562568665
-0.20640607178211212
0.4825015366077423
0.2229832410812378
0.10167580097913742
-0.25901809334754944
-0.2909802794456482
0.03199022635817528
0.04579630494117737
0.07130124419927597
-0.11348775774240494
0.08192513138055801
0.2316393405199051
-0.04433787241578102
0.35187023878097534
-0.014301084913313389
0.0415501594543457
-0.41063863039016724
-0.21649475395679474
0.18922068178653717
0.22215037047863007
-0.1672457605600357
0.20330816507339478
-0.35698309540748596
-0.3945726752281189
-0.13177873194217682
0.23665842413902283
-0.5008653998374939
0.14372123777866364
0.2666153907775879
0.18623405694961548
-0.22276002168655396
-0.03807981684803963
-0.7532057762145996
-0.20561836659908295
0.3517884314060211
-0.2796609699726105
-0.3939286768436432
-0.4933762848377228
-0.48366108536720276
-0.11629241704940796
-0.0718923807144165
0.13853158056735992
0.04518419876694679
0.03319341689348221
0.5314698815345764
0.046449337154626846
-0.35608944296836853
-0.44479691982269287
-0.6300873160362244
-0.25777602195739746
-0.14853493869304657
0.006644649896770716
-0.06494180113077164
0.34519609808921814
0.22148174047470093
-0.012856466695666313
-0.1760861873626709
0.23748956620693207
-0.3965589702129364
-0.34123316407203674
-0.07209906727075577
0.3085628151893616
0.03155934438109398
-0.06964688748121262
0.40677064657211304
-0.12000633031129837
0.13051293790340424
-0.26016250252723694
-0.21713000535964966
0.13555510342121124
-0.13779714703559875
-0.055558282881975174
0.2956736385822296
0.3032871186733246
-0.18615420162677765
-0.2887178659439087
0.4785338342189789
0.1214994490146637
-0.26631471514701843
0.7857682108879089
0.3226875960826874
0.1278202384710312
-0.23141226172447205
-0.2752537131309509
-0.07834680378437042
-0.07185451686382294
-0.13424350321292877
-0.25229617953300476
-0.3373778462409973
0.23086930811405182
-0.5325932502746582
-0.10762036591768265
0.37781158089637756
0.28021082282066345
-0.35326364636421204
0.20801861584186554
0.03311380743980408
-0.1387178897857666
0.04921233281493187
0.04044700041413307
0.2406848818063736
0.08098713308572769
0.3874949514865875
0.5977755784988403
-0.4376431107521057
0.23197178542613983
0.25854024291038513
-0.39909106492996216
0.2379205971956253
0.12475011497735977
-0.02189665660262108
0.12512432038784027
-0.04663567990064621
0.5605228543281555
0.48538875579833984
-0.2773993909358978
-0.06216459348797798
0.08308678865432739
0.48533308506011963
0.20516730844974518
-0.16655343770980835
0.07249058037996292
0.10755158960819244
0.849336564540863
0.13900455832481384
0.28669795393943787
0.08942513167858124
0.3641171157360077
-0.2996441721916199
0.1654445230960846
0.09967799484729767
0.024623021483421326
0.0815223753452301
-0.00026544585125520825
0.17125500738620758
-0.0276041217148304
-0.46526265144348145
0.16925927996635437
0.12270205467939377
0.2860901653766632
-0.1692315936088562
0.06493990868330002
0.012687438167631626
0.18305858969688416
0.20618224143981934
0.005922019947320223
0.1700311154127121
-0.4405786991119385
0.2407943159341812
-0.29457521438598633
-0.23708458244800568
0.3807482421398163
-0.49413758516311646
-0.21679197251796722
-0.03491098806262016
-0.30446574091911316
0.052606817334890366
-0.2052055299282074
-0.023190336301922798
0.24091970920562744
0.12700067460536957
0.06482265144586563
-0.004648764152079821
-0.022025490179657936
0.1234297975897789
0.20141521096229553
-0.2582339942455292
0.14400731027126312
0.09522862732410431
0.4608246386051178
0.21546128392219543
-0.03286287933588028
0.30021053552627563
0.035370878875255585
-0.019798625260591507
-0.11436951160430908
0.06470159441232681
-0.044520486146211624
0.15812894701957703
0.2921231985092163
0.09596949070692062
-0.1334540843963623
0.096821628510952
-0.027444537729024887
0.261574387550354
-0.09068446606397629
-0.6478627920150757
0.6528453826904297
0.2997486889362335
0.03625599294900894
-0.16548877954483032
-0.002203452168032527
0.11265809834003448
0.39937323331832886
-0.5287007093429565
-0.047066450119018555
0.059141479432582855
-0.15907755494117737
-0.4397308826446533
0.6853724718093872
-0.2553536593914032
0.20802021026611328
-0.039563875645399094
-0.21976742148399353
0.34453970193862915
0.3816169798374176
-0.19780093431472778
0.13403138518333435
-0.052872221916913986
-0.0400320440530777
0.07127309590578079
-0.16646647453308105
-0.23201721906661987
0.8335222005844116
-0.10087515413761139
-0.12120001763105392
0.35375019907951355
0.39662134647369385
-0.14106488227844238
0.49678319692611694
-0.11220793426036835
-0.03307461738586426
0.6602462530136108
-0.37289831042289734
0.21462401747703552
-0.07401476800441742
0.260616272687912
0.3046403229236603
-0.2570912539958954
0.04507586732506752
0.5704642534255981
-0.14127956330776215
0.3627394437789917
-0.07160937041044235
0.17164818942546844
-0.08261160552501678
-0.2377343475818634
-0.49608999490737915
-0.13886353373527527
-0.317138135433197
0.10622794181108475
-0.38920801877975464
-0.3999752402305603
-0.05260442942380905
0.3693816661834717
-0.49047917127609253
-0.2732081413269043
-0.20339927077293396
0.13815245032310486
0.6402120590209961
0.026641523465514183
-0.0005050196778029203
0.11993987113237381
-0.3723781704902649
0.4159640073776245
0.14898070693016052
0.02121390774846077
0.1067255362868309
0.17221562564373016
-0.005373827647417784
-0.4176878333091736
-0.05139287933707237
-0.43869343400001526
0.02796727791428566
0.1442064344882965
-0.02830468863248825
0.218313068151474
0.4675096273422241
-0.07896839827299118
-0.14256218075752258
0.2602130174636841
0.21929852664470673
-0.035600826144218445
0.01932547613978386
-0.11619123816490173
-0.22134359180927277
-0.08822901546955109
-0.28983885049819946
0.38012832403182983
0.0035518850199878216
0.01252838782966137
-0.03822718560695648
-0.5004103779792786
-0.19416016340255737
-0.26382437348365784
0.3035596013069153
-0.2389790415763855
-0.28630873560905457
-0.056444622576236725
0.5158553719520569
0.15494094789028168
0.19145309925079346
0.03666951507329941
-0.1706499457359314
-0.512823224067688
-0.083125039935112
0.17735569179058075
-0.16539128124713898
-0.1938972920179367
0.07274031639099121
-0.1663961559534073
-0.19410745799541473
0.07834691554307938
0.2790115475654602
-0.41235169768333435
0.19705694913864136
-0.334504634141922
0.1796281635761261
-0.30638355016708374
0.04047601297497749
0.5314542055130005
0.4240061044692993
-0.06242399290204048
-0.11950977146625519
-0.28711196780204773
0.13923875987529755
0.11274643987417221
-0.3364301323890686
-0.12558621168136597
-0.29984250664711
0.013795913197100163
-0.12521310150623322
-0.13250115513801575
-0.05372127890586853
-0.09874842315912247
0.0371914766728878
-0.19419805705547333
0.28660324215888977
0.23863206803798676
-0.1572151631116867
-0.02358042448759079
-0.029439253732562065
0.2792232632637024
0.3491961359977722
-0.04520205408334732
-1.978088617324829
0.07622618973255157
0.14811760187149048
-0.009300301782786846
0.2987086772918701
0.427013099193573
0.3436257243156433
0.15727265179157257
0.06347382068634033
-0.2393709272146225
-0.29925137758255005
0.1983374059200287
-0.54179447889328
-0.06874290108680725
-0.7643490433692932
-0.43931397795677185
-0.3241319954395294
-0.24760276079177856
-0.6289418935775757
0.19576872885227203
0.2560012638568878
0.010378413833677769
-0.4823404848575592
0.36246252059936523
0.05559048056602478
-0.12170679867267609
-0.19172616302967072
-0.09918779134750366
0.3051525950431824
0.17071647942066193
-0.18459589779376984
0.45167046785354614
-0.18832023441791534
0.26336735486984253
0.0623837448656559
-0.5662980675697327
-0.3546088933944702
0.002930818824097514
-0.027161523699760437
-0.2864426374435425
0.4222484827041626
-0.008067697286605835
-0.5561215877532959
0.08138474822044373
-0.051176778972148895
-0.0340118408203125
0.04573316127061844
-0.07156172394752502
-0.22451189160346985
-0.47993963956832886
-0.19419258832931519
-0.6239446401596069
0.05400042608380318
0.1270127147436142
0.01765238307416439
-0.20812302827835083
0.4030894637107849
-0.2524893879890442
0.6282627582550049
0.316890686750412
-0.2898170053958893
0.21884964406490326
-0.5316029191017151
-0.3024541139602661
0.1565941721200943
0.3064402937889099
-0.22525808215141296
-0.25830763578414917
-0.2378821223974228
0.22739458084106445
0.6911138296127319
-0.20072516798973083
-0.13624943792819977
-0.07082482427358627
-0.3827382028102875
-0.5276025533676147
-0.16809219121932983
-0.718883216381073
0.01723482459783554
-0.31182000041007996
0.1370387226343155
0.5523171424865723
-0.33001795411109924
-0.2703194320201874
-0.37210801243782043
-0.26223066449165344
-0.16980956494808197
-0.48816201090812683
0.2605575919151306
-0.2986000180244446
-0.11482516676187515
-0.1896325945854187
0.3342210054397583
-0.4822614789009094
-0.10591714084148407
-0.6082519888877869
0.017694620415568352
-0.33867162466049194
0.18792113661766052
-0.25537607073783875
-0.17925120890140533
-0.1639893501996994
-0.43696972727775574
-0.09628050029277802
-0.2536980211734772
-0.1942831128835678
0.4710376262664795
0.38288548588752747
0.02342318929731846
0.42095738649368286
0.36937007308006287
0.38997358083724976
-0.22782444953918457
-0.20145268738269806
-0.06246224790811539
-0.2091841846704483
-0.36243465542793274
0.24952295422554016
0.26584914326667786
-0.09031704813241959
-0.21413195133209229
0.11274842172861099
-0.1712769865989685
-0.04901157692074776
0.3217411935329437
0.5965739488601685
0.2351554036140442
0.3024490475654602
0.20934130251407623
-0.2730919122695923
0.32832273840904236
-0.016678739339113235
-0.4353751540184021
0.25445491075515747
-0.058012012392282486
0.04984035715460777
0.2883078455924988
0.13094836473464966
0.005144365597516298
-0.29603657126426697
-0.20122717320919037
-0.023557333275675774
0.233173206448555
-0.6660254001617432
0.6931834816932678
0.24858522415161133
0.20183779299259186
0.38103610277175903
0.12046200037002563
-0.02404264733195305
0.007229945156723261
-0.1735903024673462
0.4055843949317932
0.19061172008514404
-0.2289847582578659
-0.1903187781572342
-0.3273354768753052
-0.3825022280216217
-0.06102995201945305
0.38407957553863525
0.7495183348655701
0.18464098870754242
