-0.09676551818847656
-0.09138965606689453
0.10393333435058594
0.0017919540405273438
-0.22757816314697266
0.18636322021484375
0.1594839096069336
-0.050174713134765625
0.0985574722290039
-0.041214942932128906
-0.07884597778320312
-0.11468505859375
-0.03404712677001953
-0.07884597778320312
0.1559000015258789
0.07167816162109375
0.021503448486328125
-0.13798046112060547
-0.0286712646484375
0.0985574722290039
-0.06451034545898438
-0.07705402374267578
0.016127586364746094
0.1397724151611328
-0.19173908233642578
0.10930919647216797
0.04659080505371094
0.17023563385009766
0.08242988586425781
0.1881551742553711
-0.0860137939453125
-0.172027587890625
0.232086181640625
0.0396728515625
0.03570556640625
-0.037689208984375
0.0872802734375
0.22216796875
0.085296630859375
-0.16265869140625
0.047607421875
-0.0396728515625
0.19439697265625
0.01983642578125
-0.1031494140625
-0.081329345703125
-0.037689208984375
-0.101165771484375
-0.05950927734375
-0.029754638671875
-0.0396728515625
-0.065460205078125
-0.08331298828125
-0.069427490234375
-0.00396728515625
0.041656494140625
0.05157470703125
0.140838623046875
0.06744384765625
0.093231201171875
-0.01983642578125
-0.251922607421875
-0.0555419921875
0.081329345703125
-0.14616012573242188
0.07383346557617188
-0.108489990234375
0.19136428833007812
0.08890151977539062
0.028629302978515625
0.10547637939453125
-0.0060272216796875
0.02410888671875
-0.043697357177734375
-0.08287429809570312
0.043697357177734375
0.0482177734375
0.043697357177734375
0.00301361083984375
0.096435546875
-0.10547637939453125
0.08739471435546875
-0.007534027099609375
0.0301361083984375
-0.0301361083984375
-0.0482177734375
-0.02109527587890625
-0.07081985473632812
-0.12506484985351562
0.058765411376953125
-0.010547637939453125
-0.17026901245117188
-0.12807846069335938
-0.046710968017578125
0.084381103515625
0.01506805419921875
0.07958412170410156
-0.0970926284790039
-0.152801513671875
0.042975425720214844
0.011141777038574219
0.0015916824340820312
-0.046158790588378906
0.1368846893310547
-0.1989603042602539
0.13370132446289062
-0.03501701354980469
-0.017508506774902344
0.10505104064941406
-0.011141777038574219
0.16553497314453125
0.20214366912841797
0.04775047302246094
0.09868431091308594
-0.0254669189453125
0.20214366912841797
0.1878185272216797
-0.007958412170410156
-0.011141777038574219
-0.031833648681640625
0.02387523651123047
-0.09072589874267578
0.014325141906738281
0.17190170288085938
0.042975425720214844
-0.011141777038574219
0.1066427230834961
-0.09550094604492188
-0.11023998260498047
0.045180320739746094
-0.18433570861816406
0.11746883392333984
0.09216785430908203
0.0704813003540039
-0.0289154052734375
-0.016264915466308594
-0.01445770263671875
0.04879474639892578
-0.036144256591796875
-0.059638023376464844
-0.21144390106201172
0.056023597717285156
0.15903472900390625
0.007228851318359375
-0.0740957260131836
-0.005421638488769531
-0.08855342864990234
0.08313179016113281
-0.14638423919677734
-0.036144256591796875
0.0018072128295898438
-0.11023998260498047
0.0867462158203125
0.06686687469482422
-0.12108325958251953
0.22951602935791016
-0.06686687469482422
-0.07590293884277344
0.01987934112548828
0.11023998260498047
-0.1494579315185547
0.1306285858154297
0.030597686767578125
0.04589653015136719
-0.10003089904785156
-0.058841705322265625
-0.07767105102539062
-0.07414054870605469
0.06119537353515625
-0.1400432586669922
0.012945175170898438
0.11179924011230469
-0.04354286193847656
0.09061622619628906
-0.11415290832519531
0.04825019836425781
-0.03295135498046875
-0.020006179809570312
0.002353668212890625
-0.0470733642578125
-0.054134368896484375
0.0
0.06825637817382812
-0.06237220764160156
-0.13886642456054688
0.09650039672851562
0.08120155334472656
-0.020006179809570312
0.03177452087402344
-0.008237838745117188
0.06943321228027344
-0.0659027099609375
-0.020771026611328125
-0.06646728515625
-0.12878036499023438
0.11839485168457031
0.15993690490722656
-0.027002334594726562
0.00830841064453125
-0.029079437255859375
-0.0166168212890625
-0.2637920379638672
0.0
-0.029079437255859375
-0.0830841064453125
-0.07892990112304688
-0.010385513305664062
0.07477569580078125
-0.029079437255859375
-0.12670326232910156
-0.04777336120605469
0.06439018249511719
0.0062313079833984375
0.04154205322265625
0.1516284942626953
0.12670326232910156
0.07892990112304688
-0.05192756652832031
-0.004154205322265625
-0.2471752166748047
-0.04361915588378906
-0.10800933837890625
0.02492523193359375
-0.03946495056152344
-0.07407379150390625
0.07010555267333984
0.16798877716064453
0.04497337341308594
-0.13359737396240234
0.08465576171875
0.007936477661132812
-0.15079307556152344
-0.02248668670654297
0.05423259735107422
-0.07539653778076172
-0.11243343353271484
0.13624286651611328
-0.1230154037475586
0.11772441864013672
0.13227462768554688
-0.14285659790039062
-0.06878280639648438
-0.0026454925537109375
-0.037036895751953125
-0.037036895751953125
-0.037036895751953125
-0.04497337341308594
-0.013227462768554688
0.07275104522705078
0.07804203033447266
-0.047618865966796875
-0.03042316436767578
-0.005290985107421875
0.13359737396240234
-0.0211639404296875
0.1058197021484375
-0.011629104614257812
-0.0398712158203125
-0.08638763427734375
-0.014951705932617188
-0.09137153625488281
-0.11795234680175781
0.0016613006591796875
-0.08804893493652344
-0.14287185668945312
-0.2109851837158203
0.10133934020996094
-0.0398712158203125
-0.0930328369140625
0.08472633361816406
0.18108177185058594
0.023258209228515625
0.12127494812011719
-0.05316162109375
0.17775917053222656
0.1478557586669922
0.11296844482421875
-0.0398712158203125
-0.023258209228515625
0.15616226196289062
-0.05316162109375
0.056484222412109375
-0.009967803955078125
0.01993560791015625
-0.07475852966308594
-0.12792015075683594
-0.05316162109375
0.11296844482421875
0.06134986877441406
0.07537269592285156
0.10867691040039062
0.08238410949707031
-0.14723968505859375
0.08939552307128906
0.03680992126464844
-0.012269973754882812
-0.05609130859375
-0.00701141357421875
0.012269973754882812
-0.1945667266845703
-0.10692405700683594
-0.06134986877441406
0.05784416198730469
0.038562774658203125
0.09290122985839844
-0.08063125610351562
-0.04382133483886719
0.21384811401367188
0.2226123809814453
0.1262054443359375
-0.1121826171875
0.06485557556152344
0.0052585601806640625
-0.05784416198730469
0.0701141357421875
0.14899253845214844
-0.17528533935546875
0.12094688415527344
0.17353248596191406
0.09290122985839844
-0.15875244140625
0.008268356323242188
0.0396881103515625
0.029766082763671875
0.07441520690917969
0.049610137939453125
0.11741065979003906
-0.08102989196777344
0.026458740234375
-0.0049610137939453125
0.08929824829101562
0.009922027587890625
-0.11575698852539062
-0.07606887817382812
-0.03141975402832031
-0.13890838623046875
-0.016536712646484375
0.018190383911132812
0.18355751037597656
-0.00661468505859375
-0.13560104370117188
-0.0049610137939453125
0.014883041381835938
0.09095191955566406
-0.21001625061035156
0.08102989196777344
-0.10748863220214844
0.15213775634765625
-0.0049610137939453125
-0.04134178161621094
0.10914230346679688
-0.0049610137939453125
-0.0292816162109375
-0.12261676788330078
0.036602020263671875
-0.19033050537109375
-0.01464080810546875
0.016470909118652344
0.1793498992919922
0.0018301010131835938
-0.042092323303222656
-0.07686424255371094
-0.1152963638305664
0.02379131317138672
-0.018301010131835938
-0.1152963638305664
-0.0036602020263671875
0.009150505065917969
-0.04941272735595703
0.08052444458007812
0.012810707092285156
-0.2049713134765625
0.0036602020263671875
0.036602020263671875
-0.07869434356689453
0.04392242431640625
-0.11712646484375
0.02013111114501953
0.042092323303222656
-0.051242828369140625
-0.10248565673828125
-0.045752525329589844
0.10065555572509766
0.2324228286743164
0.0018911361694335938
0.22126293182373047
0.0926656723022461
-0.03593158721923828
-0.14183521270751953
-0.026475906372070312
0.0926656723022461
-0.026475906372070312
0.10023021697998047
0.16263771057128906
-0.1550731658935547
0.0907745361328125
-0.022693634033203125
0.08131885528564453
-0.10401248931884766
0.009455680847167969
0.017020225524902344
0.0
0.005673408508300781
0.03404045104980469
0.060516357421875
0.09455680847167969
0.1853313446044922
-0.16074657440185547
0.05484294891357422
-0.07753658294677734
0.14183521270751953
-0.0018911361694335938
0.02080249786376953
0.04160499572753906
0.14183521270751953
0.2401742935180664
-0.11301040649414062
0.052738189697265625
-0.1024627685546875
-0.08588790893554688
0.001506805419921875
-0.14616012573242188
0.055751800537109375
-0.17177581787109375
0.01506805419921875
-0.001506805419921875
-0.00904083251953125
-0.10999679565429688
-0.10547637939453125
0.0482177734375
-0.13410568237304688
-0.0482177734375
-0.0783538818359375
-0.14314651489257812
-0.0482177734375
-0.058765411376953125
0.052738189697265625
0.03314971923828125
0.02712249755859375
0.034656524658203125
-0.1024627685546875
-0.07081985473632812
-0.19136428833007812
-0.016574859619140625
-0.12054443359375
0.00904083251953125
0.007534027099609375
-0.05123138427734375
0.05198478698730469
-0.013561248779296875
0.04294395446777344
0.13561248779296875
-0.2870464324951172
0.022602081298828125
0.04746437072753906
-0.04294395446777344
0.00904083251953125
0.058765411376953125
0.0
0.03390312194824219
0.0022602081298828125
-0.058765411376953125
-0.06554603576660156
0.031642913818359375
-0.108489990234375
-0.2011585235595703
-0.10622978210449219
-0.08588790893554688
-0.00904083251953125
-0.011301040649414062
0.020341873168945312
-0.2373218536376953
0.09944915771484375
0.06102561950683594
-0.02712249755859375
0.011301040649414062
0.03842353820800781
0.02712249755859375
0.11753082275390625
-0.06780624389648438
-0.045052528381347656
-0.0015535354614257812
-0.03728485107421875
-0.018642425537109375
0.057480812072753906
-0.09942626953125
0.07301616668701172
0.08389091491699219
-0.02330303192138672
-0.043498992919921875
0.10097980499267578
-0.16156768798828125
0.02330303192138672
0.05126667022705078
-0.01242828369140625
0.0
-0.041945457458496094
-0.06524848937988281
-0.17554950714111328
-0.06990909576416016
0.09631919860839844
0.004660606384277344
0.12738990783691406
-0.14447879791259766
0.19729900360107422
0.04039192199707031
0.054373741149902344
0.02330303192138672
-0.0668020248413086
-0.057480812072753906
0.05903434753417969
-0.0668020248413086
0.03185462951660156
-0.030178070068359375
-0.05867958068847656
0.2129230499267578
0.010059356689453125
-0.09053421020507812
0.003353118896484375
-0.03856086730957031
0.09724044799804688
0.03520774841308594
0.10227012634277344
-0.11400604248046875
-0.0016765594482421875
-0.026824951171875
0.08885765075683594
-0.0050296783447265625
-0.07712173461914062
-0.011735916137695312
0.09891700744628906
-0.011735916137695312
-0.08215141296386719
0.0
0.016765594482421875
0.1072998046875
-0.14083099365234375
-0.05364990234375
0.011735916137695312
-0.0050296783447265625
-0.16430282592773438
-0.0016765594482421875
0.06873893737792969
0.06370925903320312
-0.1691579818725586
-0.02300548553466797
-0.04465770721435547
-0.025712013244628906
0.01082611083984375
0.15291881561279297
0.09743499755859375
0.16103839874267578
0.006766319274902344
-0.09608173370361328
-0.07442951202392578
-0.005413055419921875
0.17186450958251953
0.050070762634277344
-0.025712013244628906
0.07307624816894531
-0.12179374694824219
0.12856006622314453
0.12044048309326172
-0.037891387939453125
-0.06360340118408203
-0.017592430114746094
-0.13532638549804688
-0.11096763610839844
-0.01082611083984375
0.08796215057373047
-0.08660888671875
-0.1691579818725586
0.0649566650390625
0.1258535385131836
-0.014885902404785156
-0.029771804809570312
0.051199913024902344
0.17574024200439453
0.10101604461669922
0.08994579315185547
-0.05811882019042969
0.009686470031738281
0.11762142181396484
-0.08164310455322266
0.14944839477539062
0.0664215087890625
-0.024908065795898438
0.09963226318359375
0.07195663452148438
0.0664215087890625
-0.008302688598632812
-0.05258369445800781
0.04704856872558594
0.08994579315185547
-0.11347007751464844
0.048432350158691406
-0.13007545471191406
0.16466999053955078
-0.037362098693847656
0.04151344299316406
0.09132957458496094
-0.1411457061767578
0.04289722442626953
-0.040129661560058594
0.08856201171875
0.04566478729248047
0.0844106674194336
0.07610797882080078
0.051177978515625
0.08636283874511719
-0.1199483871459961
0.03998279571533203
-0.007996559143066406
0.12154769897460938
0.009595870971679688
-0.033585548400878906
-0.03838348388671875
0.08156490325927734
-0.13914012908935547
-0.11674976348876953
-0.05277729034423828
-0.04797935485839844
0.10555458068847656
-0.08156490325927734
-0.08636283874511719
-0.044780731201171875
-0.20311260223388672
0.06717109680175781
0.1439380645751953
0.08956146240234375
0.015993118286132812
-0.004797935485839844
0.05277729034423828
0.046380043029785156
-0.007996559143066406
0.031986236572265625
0.0767669677734375
-0.16472911834716797
-0.031986236572265625
0.01279449462890625
-0.04428863525390625
0.248016357421875
-0.0885772705078125
-0.10407829284667969
0.1749401092529297
0.07307624816894531
-0.1240081787109375
-0.05978965759277344
-0.08414840698242188
-0.048717498779296875
0.08414840698242188
0.06643295288085938
0.057575225830078125
-0.16386795043945312
-0.031002044677734375
-0.11515045166015625
0.07750511169433594
0.06421852111816406
-0.02657318115234375
0.07529067993164062
0.05536079406738281
-0.019929885864257812
-0.0022144317626953125
0.09522056579589844
-0.1616535186767578
0.2812328338623047
-0.1616535186767578
-0.07086181640625
-0.057575225830078125
-0.031002044677734375
0.0885772705078125
-0.12843704223632812
0.018148422241210938
0.0018148422241210938
0.03811168670654297
-0.030852317810058594
-0.025407791137695312
0.02359294891357422
0.2304849624633789
0.009074211120605469
0.1705951690673828
0.11252021789550781
-0.16152095794677734
-0.07077884674072266
-0.07985305786132812
-0.09437179565429688
-0.01996326446533203
0.016333580017089844
0.0018148422241210938
0.13429832458496094
-0.027222633361816406
-0.025407791137695312
-0.01996326446533203
0.09981632232666016
-0.09981632232666016
-0.12159442901611328
-0.21233654022216797
0.012703895568847656
-0.07440853118896484
0.050815582275390625
0.06533432006835938
-0.18329906463623047
-0.018148422241210938
0.05444526672363281
0.03568840026855469
-0.1719532012939453
0.009733200073242188
-0.08759880065917969
-0.009733200073242188
0.08111000061035156
-0.15897560119628906
0.02433300018310547
0.1086874008178711
-0.09408760070800781
-0.030821800231933594
-0.08759880065917969
0.019466400146484375
-0.15897560119628906
-0.08922100067138672
-0.045421600341796875
-0.08435440063476562
0.06488800048828125
-0.10544300079345703
-0.1768198013305664
0.04866600036621094
0.17033100128173828
0.02757740020751953
0.058399200439453125
0.20601940155029297
0.05028820037841797
-0.030821800231933594
-0.021088600158691406
0.0016222000122070312
0.12653160095214844
-0.011355400085449219
0.1249094009399414
-0.014539718627929688
-0.0498504638671875
0.06646728515625
0.018693923950195312
-0.10593223571777344
0.06023597717285156
-0.00830841064453125
-0.05815887451171875
0.09554672241210938
-0.09139251708984375
-0.1640911102294922
-0.020771026611328125
0.09139251708984375
-0.05192756652832031
0.00830841064453125
0.2637920379638672
-0.07477569580078125
-0.24094390869140625
0.027002334594726562
-0.10177803039550781
-0.03531074523925781
0.08723831176757812
0.05608177185058594
0.15578269958496094
-0.045696258544921875
-0.018693923950195312
0.062313079833984375
0.0830841064453125
-0.02492523193359375
0.045696258544921875
0.17655372619628906
0.0498504638671875
0.06063079833984375
-0.010105133056640625
-0.025262832641601562
0.037052154541015625
0.09599876403808594
0.18189239501953125
0.03873634338378906
-0.043788909912109375
-0.10273551940917969
0.13305091857910156
0.21389198303222656
-0.07915687561035156
-0.021894454956054688
-0.0134735107421875
0.09263038635253906
0.16336631774902344
-0.1296825408935547
0.0
-0.04884147644042969
-0.07073593139648438
-0.09094619750976562
0.09094619750976562
-0.04547309875488281
-0.07242012023925781
0.03536796569824219
0.04210472106933594
-0.026947021484375
0.14989280700683594
0.003368377685546875
0.0943145751953125
0.026947021484375
-0.06231498718261719
-0.13439655303955078
0.22757816314697266
-0.10393333435058594
-0.030463218688964844
0.08242988586425781
0.06809425354003906
-0.1559000015258789
0.057342529296875
-0.06451034545898438
0.03404712677001953
0.09318161010742188
0.1559000015258789
0.06809425354003906
0.1845712661743164
-0.09318161010742188
-0.14514827728271484
-0.035839080810546875
-0.1594839096069336
0.055550575256347656
-0.0017919540405273438
0.12364482879638672
-0.04659080505371094
0.055550575256347656
-0.14514827728271484
0.08780574798583984
0.025087356567382812
-0.02329540252685547
0.1594839096069336
0.008959770202636719
0.17740345001220703
0.08959770202636719
0.0017919540405273438
0.11216354370117188
0.0951690673828125
0.050983428955078125
-0.19373703002929688
0.025491714477539062
0.028890609741210938
-0.011896133422851562
0.12405967712402344
-0.09686851501464844
-0.09686851501464844
0.1546497344970703
-0.044185638427734375
-0.21582984924316406
0.023792266845703125
-0.16144752502441406
-0.023792266845703125
0.1495513916015625
0.13425636291503906
-0.04588508605957031
-0.07647514343261719
0.05948066711425781
0.06118011474609375
0.05438232421875
0.03908729553222656
0.022092819213867188
-0.03568840026855469
0.00679779052734375
-0.10196685791015625
0.07307624816894531
0.00679779052734375
0.08327293395996094
0.037387847900390625
0.06759262084960938
0.04889678955078125
-0.03163909912109375
0.080535888671875
0.012943267822265625
0.18264389038085938
0.1553192138671875
0.07334518432617188
0.10066986083984375
-0.050334930419921875
0.021572113037109375
-0.001438140869140625
-0.11361312866210938
0.17545318603515625
0.14812850952148438
-0.038829803466796875
-0.038829803466796875
0.05464935302734375
0.027324676513671875
0.06471633911132812
0.027324676513671875
0.17976760864257812
0.09491729736328125
0.012943267822265625
-0.07909774780273438
-0.1323089599609375
-0.044582366943359375
0.02013397216796875
0.010066986083984375
0.10642242431640625
-0.007190704345703125
0.06759262084960938
0.07936477661132812
0.037036895751953125
-0.07142829895019531
0.07407379150390625
-0.12962913513183594
-0.042327880859375
-0.0634918212890625
0.03042316436767578
0.07275104522705078
-0.1309518814086914
0.023809432983398438
-0.05555534362792969
0.09126949310302734
-0.07010555267333984
0.08597850799560547
-0.12036991119384766
-0.06878280639648438
-0.023809432983398438
-0.048941612243652344
-0.007936477661132812
0.03306865692138672
-0.006613731384277344
0.16798877716064453
0.10846519470214844
-0.07275104522705078
-0.08333301544189453
-0.05290985107421875
0.023809432983398438
-0.005290985107421875
-0.035714149475097656
-0.08333301544189453
0.05158710479736328
0.11084270477294922
0.10147571563720703
-0.06400775909423828
0.06400775909423828
-0.045273780822753906
0.01248931884765625
0.19826793670654297
-0.004683494567871094
0.03746795654296875
0.18109512329101562
-0.03434562683105469
0.08274173736572266
0.07181358337402344
-0.018733978271484375
-0.18890094757080078
-0.006244659423828125
0.029662132263183594
-0.031223297119140625
-0.017172813415527344
0.009366989135742188
0.0031223297119140625
0.1045980453491211
0.0
-0.11708736419677734
-0.05151844024658203
0.028100967407226562
-0.1202096939086914
-0.09366989135742188
-0.009366989135742188
-0.03902912139892578
-0.149871826171875
0.018733978271484375
