-0.11712998151779175
-0.22835254669189453
0.26422739028930664
-0.2503948211669922
0.03382587432861328
-0.1201021671295166
0.12966060638427734
0.09451508522033691
0.07851630449295044
-0.3847026824951172
-0.11093831062316895
-0.08615827560424805
0.03388094902038574
-0.1124725341796875
0.15428853034973145
-0.01544952392578125
-0.012720108032226562
-0.22369831800460815
-0.06380510330200195
0.4813385009765625
-0.07348966598510742
-0.12057602405548096
-0.39264965057373047
0.06302237510681152
0.10744094848632812
0.07345962524414062
-0.13170719146728516
-0.038762569427490234
0.18896698951721191
-0.21488964557647705
0.02695995569229126
-0.0724107027053833
