0.442915887
0.236728996
0.210996032
0.715560913
-0.0106141716
0.217028528
0.601971984
-0.108694807
-0.828714967
0.582627773
0.623628736
0.592531264
-0.689965487
-0.189904451
-0.204180032
-0.308304429
-0.0672742277
-0.159669459
0.0788025111
0.705898821
-0.0776301622
0.240173817
-0.586270809
-0.517344236
-0.163502246
0.260387421
0.0769462958
0.135606915
0.236232087
-0.584146559
0.023962941
0.785483599
-0.818847954
-0.868817329
-0.085703589
-0.15652363
-0.261680573
-0.0891000405
-0.228904679
1.31686068
-0.315395117
1.08163476
-0.211286798
0.549508452
-0.291572064
-0.684955716
-0.189210474
0.160721928
-0.0265476704
-0.674987257
0.122059934
-0.182616428
-0.210788444
-0.219754368
-0.197519973
0.216764838
0.194728464
0.130938828
-0.26211834
0.180101931
0.690541148
-0.204410508
-0.22863391
0.230794296
-0.243568793
-0.636482954
0.0435958132
-0.0511888862
1.62201834
-1.4553299
0.192741632
-0.708576322
-0.0763922706
0.593169808
0.140030831
0.0484497324
-0.313988566
-0.646894693
1.54248643
-0.139625311
0.809134543
0.087926209
0.279807508
0.579399109
0.570596695
-0.0525550172
0.359890103
-0.64771682
-0.121069849
-1.39053535
0.323804945
-0.60299927
0.294954419
0.379235446
-0.0669284388
1.6366384
-0.257689625
-0.945487618
-0.391072839
-0.360241145
0.649232268
-0.789703786
-0.336162269
1.09163558
-0.80426085
1.00589395
-0.105370007
0.889312565
-1.23509336
-0.128623009
0.229759634
-1.15569198
0.00109750289
-0.425930709
-0.434285671
0.468088299
0.572716892
0.540224314
0.592936039
-0.941022456
-0.244486421
-0.100729793
0.866863608
-0.557297528
-0.109638616
0.759056032
0.705394149
-0.925210953
0.0269198697
0.112977065
-0.175888985
-0.241209716
-0.145863965
0.182137623
-0.322026372
0.499034017
0.409456968
-0.537385404
-0.691886544
-0.137240991
-0.181346208
0.94842875
-0.42279321
0.254147857
0.00142769516
0.518265247
-0.506719589
0.237394795
-0.463019192
-0.464471012
0.703141272
-0.245946616
-0.940128982
-0.285903215
0.765446186
0.204598427
0.515959144
-0.72723335
-0.438979387
0.99091804
-0.0702839196
-1.6559726
0.513261557
-0.660268307
0.404300928
-1.7594862
-0.125912011
1.92105186
-0.174791679
0.624615848
-0.254466712
2.76465511
-1.09498954
0.115753151
-0.497415841
0.0161928795
0.304789364
-0.962889075
0.0954168886
-0.533299029
0.619518816
0.11038512
0.287695616
0.134316921
1.217098
-0.0686388686
-0.269584507
0.0407078005
0.0481116176
0.0311819091
-0.235267177
0.153735787
-0.586294889
0.0599552915
-0.409613341
-0.392610759
-0.634175122
0.0627369881
-0.35325855
-0.0851717368
-0.523013115
-0.544868588
-0.271191001
0.623079181
0.861974657
0.455103278
0.839912057
-0.261704773
-0.737559259
-0.634638846
-0.598908007
-0.40307501
0.602990866
0.81893152
-0.102955721
0.603248477
1.45806742
0.378478855
-0.862757683
-0.519842386
-1.0722245
-0.503228903
1.10395157
0.215789825
1.72570884
-0.661054909
1.21488345
0.567807376
-1.24353063
-0.0571949705
-0.181205109
-1.31667626
-0.516544104
-1.16048026
1.40278935
0.455577344
-2.83736205
0.818494201
2.01136899
-0.0379126966
-0.384542733
2.49444532
-2.82220387
0.161628768
1.34344065
-0.452969015
0.224107653
0.770289361
0.46403271
0.243770912
-0.280621141
0.0590884387
-0.581182122
1.4367404
0.387952238
1.49124694
-0.705751598
0.0630005151
-0.377640843
-0.540324569
-0.683020234
-0.0295380056
-0.543689251
-0.00220805407
-0.482740879
-0.564988971
-0.182230145
0.702089906
0.530508697
0.355918348
0.831700146
-0.164519697
-0.686751962
-0.725333035
-0.893082738
-0.442696631
0.796509326
0.746154308
-0.0949790478
0.725526333
1.28827763
0.0938472301
-0.666277885
-0.431183159
-0.932206213
-0.820236683
1.55647981
0.511246443
1.03217685
-0.787814796
0.942584693
0.760610223
-1.00140452
-0.224851951
-0.265894622
-2.15487862
-0.242918968
-0.415662915
1.09979367
-0.0529867075
-4.03245974
0.675490499
1.41894841
-0.113612495
-0.241007969
2.16937947
-3.49556899
0.221227646
1.16112638
-0.543907881
0.341694713
0.563174129
0.111490965
-0.233705521
0.351846367
0.235396177
-0.095818989
1.35900223
0.591116011
1.40203989
-2.1724627
0.291334599
-1.62430942
-1.09815073
-1.58040929
0.367690444
-0.36950171
0.705953479
-0.617853582
-0.648943543
0.358254522
0.746795297
-0.417832375
0.0498554856
1.41166019
-0.05734694
-0.581613302
-1.10097361
-1.29865408
-0.0986241698
0.488724947
0.829773545
0.3051247
1.05297434
0.777175844
0.217117175
-0.578495145
-0.913719893
-0.0605701171
-1.19520223
2.31033397
0.0737359375
0.019712206
0.093936272
0.106734231
2.65578151
-1.27416646
-0.438059092
0.614700913
-2.36230683
-0.213349849
-0.610633254
0.122044206
0.672608018
-6.05229616
0.450006694
6.92616796
0.121833101
-0.359269053
3.06097341
-4.71272135
-1.48929918
0.510254741
-0.401940286
0.420063317
1.40046656
0.570809722
-0.798851848
0.384104699
1.54775608
0.132584602
0.246030062
-0.140946329
0.237358764
-0.124055251
1.90672565
-1.66717744
1.03868425
0.569739223
2.1838007
-2.07753706
-0.236676991
-1.03871894
-1.8775636
1.5940125
0.628926516
1.48730707
-0.325150728
1.51086628
-0.596787214
0.631084621
-0.15706189
-0.526336253
-1.29286182
-1.10501707
-0.119360328
0.273970455
0.472957045
-0.702407479
-1.57893515
-1.49582946
0.292035043
-0.693245351
-0.708651423
0.263557613
-0.283615768
-0.764172792
0.767412484
0.837003112
-0.278248668
0.495118678
0.952349484
-0.506900787
-1.22748196
0.396854401
0.31963557
0.725447714
-1.18913066
0.179303572
0.574896634
-0.178376377
0.19665426
0.413609654
-0.707339883
-0.253754616
0.753200591
-0.46740526
-0.373234332
0.310231388
-0.302557498
0.258340538
-0.488074929
-0.475786269
0.493222833
0.161118686
-0.184029892
-0.17249319
-0.168178961
0.254436404
-0.604535878
0.611748457
-0.0765203834
-0.022898525
-0.604848981
0.538044453
0.197371706
0.282729715
0.271296591
-0.357957304
-0.0631617904
-0.54448998
-0.204584613
-0.367376387
0.263459325
0.0188179761
-0.24236694
0.194775909
0.086215958
0.362658262
0.339301884
-0.167895824
0.450116307
-0.0593146607
0.456686497
-0.25185746
-0.0956453383
0.102573417
-0.113154329
0.620461941
-0.53745985
0.223200083
-0.0482867435
-0.114358209
-0.0648114756
0.1886217
0.389099747
0.0754417777
0.203326032
-0.542798698
1.03178394
0.00620458648
-0.904533207
0.501140535
0.379724622
-0.451484054
0.115598254
0.179921523
-0.310758889
-0.0172066111
-0.0451590568
-0.0379947126
-0.110602029
-0.0901942402
0.437701136
-0.185181186
0.0258941799
-0.365898162
0.855400681
-0.37165007
0.211154237
-0.270711154
-0.292835176
0.147073239
-0.529279053
0.552565157
-0.344378084
-0.138303235
-0.61490941
0.609326303
-0.0579968393
0.298166603
0.514890432
-0.478649348
-0.00176730752
-0.498422503
-0.0346175581
-0.239489511
0.426628947
0.140480608
-0.474723369
-0.130661979
0.591539323
0.349844635
0.716052592
-0.31167388
0.493811071
-0.11168851
0.659459174
-0.0923476964
0.0662646517
0.109361716
0.241803914
0.735809147
-0.733821094
0.333238006
0.257209092
-0.191298872
-0.415427089
0.178800792
0.389091343
-0.209924743
0.16740872
0.0271209851
0.33951202
0.338135004
-0.98675406
0.361874253
0.531028807
0.271578997
0.281919569
0.273345023
-0.339069903
-0.0520551465
0.302349567
-0.230900303
-0.132231802
0.129292712
0.276336402
-0.162161589
-0.177441999
-0.903059363
0.475363672
0.127228424
0.228773326
-0.59141618
-0.371636391
-2.10756207
-0.133191317
0.42561698
1.12780321
1.60315216
1.62063241
-1.49796665
0.938747227
-1.27472949
0.98629415
0.353536576
-1.57443357
-0.0280859917
0.0464654043
-0.814057171
1.24197173
-0.774526119
1.41710377
1.02747214
0.0866078287
-0.00340269506
-0.98644954
0.245507985
0.241878867
0.660715222
0.424353749
0.290407807
0.401594311
-0.633957684
0.600881457
-0.0957269147
0.420182079
-0.336355925
0.649013758
-0.0165882967
-0.295351803
0.0453550555
-0.473043203
0.128930554
1.17132008
-0.873769224
0.173119009
0.838904917
-1.52287924
-0.219443932
-0.593544245
-0.208856523
0.203650758
-1.2291218
-0.564827144
-0.565056324
-0.397962332
-0.470957458
-0.250974149
-0.524030268
-1.01277804
0.467363566
-0.383940339
-0.0679964721
0.306808919
0.552355051
-0.455929011
0.246225327
-0.458747804
0.896358192
0.320344806
-0.17702803
-0.786021054
-0.394211471
-0.520811677
0.712147772
-0.618874907
0.556097269
-0.418083251
-0.20388937
0.59656179
-0.403721511
0.181436419
0.109237999
-0.259228826
0.635423839
-0.338084698
-0.251603276
0.195833489
-0.536950529
-0.0581299812
-0.718305826
-0.383988321
0.508035004
-0.0274753869
0.155908391
0.167616695
-0.402713537
-0.0442100018
0.422403246
0.535666168
0.0213735849
0.86082232
-0.0582640506
-0.225990564
0.390672266
-0.0386629179
0.186357558
-0.413535416
-0.499643177
0.313744307
0.434175283
-1.23549819
0.152073875
-0.482297897
-0.220813766
0.00988557655
-0.857803524
-0.541374385
0.0449163914
0.0505346246
-0.0472049899
0.124676868
-0.128840581
-0.047551576
0.0576842166
0.0819169581
0.571769059
0.0651560947
0.0998071656
-0.683445573
-0.405759275
0.00976994168
0.310011864
0.195508882
-0.0404949039
-0.191356748
0.0613683797
-0.161698982
0.806345522
-0.317307264
0.227536634
-0.486234367
-0.00517459214
0.365487367
-0.16707404
-0.024975583
-0.296533763
-0.100006066
0.538478971
-0.450013965
-0.0233072788
0.509092212
-0.141488969
0.0100508239
-0.804012895
-0.279663265
0.324671417
0.0127152596
0.0882270262
0.131978989
-0.584680915
0.0724073723
0.368097723
0.525836527
0.362371862
0.799856365
0.134455234
0.0951601937
0.4298594
-0.072420679
-0.146929011
0.0394192338
-0.135614216
0.477437586
0.49606961
-1.28963804
0.215116918
-0.495582521
0.253580868
0.16030328
-0.724594116
-0.71404928
0.227448732
-0.00109475327
0.254849106
0.00682076998
0.0475703403
0.488994122
0.00380057748
0.201316729
0.281854689
-0.252335131
-0.102963276
-0.885666311
-0.341274112
0.218788147
-1.10465181
1.01487362
-1.35861301
0.0394035578
-0.0801647902
-0.00734266266
1.59535503
0.169846296
-0.144432783
-0.417439789
-0.793643475
-0.739270866
-0.0968530476
0.657987177
-0.36664325
-1.23913145
-0.869870365
-1.05518377
-0.0576509461
0.518323839
-0.418312281
-0.00723397732
0.682014942
0.623384714
-0.0235297754
0.632735312
-1.63017464
0.321659595
0.375416547
0.0377505049
-0.270598739
-0.0538208932
-0.481708407
0.455466956
-0.782070994
0.282794595
-1.14026046
0.91860497
-0.049290698
0.10444092
-0.299480081
0.726047158
-1.87766623
1.27981496
-0.00508648623
0.16391024
-1.4254266
-0.286215037
1.54775262
0.227995768
-0.473277569
0.698927999
-0.697779477
-0.245878667
-0.350874037
0.85142082
-0.226805717
-0.0659406707
-0.0997371823
0.16743125
0.393409759
-0.590213358
0.806833386
-0.0798915252
0.0546508059
-0.0240832679
0.237526491
-0.202616274
0.209635407
0.0725994483
-0.122376725
0.221947879
0.207981005
0.134983629
-0.123286709
-0.03050627
0.164054245
-0.0228213817
-0.0903200731
-0.0169654377
0.0845149457
-0.334404141
-0.478003621
0.455657899
-0.0294838883
-0.122526556
-0.481367409
-0.116460338
0.618483722
-0.137688249
-0.152929962
-0.404684603
-0.498504966
0.248779789
-0.538379967
-0.186410382
0.266767353
0.42910102
0.100657582
-0.16269128
-0.127382159
0.503045917
-0.658706665
-0.0760340542
-0.499001235
0.912729084
-0.996346414
1.25584102
-0.010081592
0.771805763
-0.161587581
-0.112942927
0.0456752852
0.0288599171
-0.581725597
0.0376590714
0.149516702
0.0530329682
-0.0116853463
0.0579746068
0.120745175
0.165995151
0.119347565
-0.198120981
0.018998716
-0.0423524231
0.188108027
0.328050256
-0.306707174
0.466248721
-0.408645838
0.0447834581
-0.0330064967
-0.131881371
0.304765791
0.268824577
-0.0487875342
-0.350388974
0.284064472
0.399516284
0.171868831
0.241080746
0.127456516
-0.563181996
-0.0622663349
0.567223251
-0.369100451
0.0602052882
-0.0214831159
-0.27971068
0.00243181363
-0.392296731
0.133419812
0.152928233
-0.0408092961
-0.107732758
-0.121754706
0.0979164317
-0.696156263
-0.0611001998
0.205551654
0.843644381
-0.0702925175
-0.170291454
-0.320099235
0.187304035
-0.569508374
0.052932512
-0.572387695
1.43252921
-0.912601471
1.37142026
-0.123232268
0.678351998
0.107078433
0.0720838383
0.00771853933
-0.0787480921
-0.385518253
0.210712478
0.297783047
0.038214352
-0.0172538459
0.020238122
0.170842871
0.135513559
0.140964374
-0.201747462
-0.0228223447
-0.0156564955
0.384660631
0.246070862
