-0.0831298828125
0.22491455078125
0.0157623291015625
0.0568084716796875
-0.301116943359375
-0.133026123046875
-0.206268310546875
0.1739501953125
-0.0
0.026611328125
-0.05902099609375
-0.048095703125
-0.0259857177734375
0.0699462890625
0.0774078369140625
-0.2632598876953125
-0.40576171875
0.226654052734375
-0.0479736328125
0.218353271484375
-0.40802001953125
0.06365966796875
0.06866455078125
0.1168212890625
0.0251617431640625
0.056671142578125
0.52490234375
0.189910888671875
0.1107177734375
0.1922607421875
-0.24041748046875
-0.052276611328125
