-0.11712998151779175
-0.1653599739074707
-0.0
0.15157997608184814
-0.08956998586654663
-0.020669996738433838
0.041339993476867676
0.034449994564056396
0.17913997173309326
0.22047996520996094
0.1653599739074707
0.15846997499465942
-0.062009990215301514
-0.062009990215301514
0.006889998912811279
0.1653599739074707
-0.16942620277404785
-0.19766390323638916
-0.014118850231170654
-0.16942620277404785
0.16942620277404785
0.1270696520805359
0.07059425115585327
0.1835450530052185
-0.1835450530052185
-0.08471310138702393
-0.1270696520805359
-0.02823770046234131
0.1835450530052185
-0.2823770046234131
-0.4376843571662903
-0.2541393041610718
