0.0066986083984375
0.004497528076171875
0.010700225830078125
-0.002094268798828125
-0.02277374267578125
0.004334449768066406
-0.013441085815429688
-0.00415802001953125
-0.010318756103515625
-0.0
-0.0103759765625
0.00374603271484375
0.015115737915039062
-0.0029659271240234375
-0.0023593902587890625
0.010746002197265625
-0.0036334991455078125
-0.006351470947265625
-0.0
0.006603240966796875
0.0090789794921875
0.0080413818359375
0.002529144287109375
-0.005939483642578125
0.009515762329101562
-0.012416839599609375
0.021881103515625
-0.030956268310546875
0.0018224716186523438
0.0074291229248046875
-0.02483367919921875
-0.00447845458984375
