-0.0017604827880859375
0.008108139038085938
-0.015472412109375
-0.008777618408203125
0.043304443359375
0.01522064208984375
0.023775100708007812
-0.03444671630859375
-0.02593994140625
0.0296478271484375
0.007534027099609375
0.060333251953125
-0.04964447021484375
0.06390380859375
0.0531768798828125
0.015533447265625
-0.01064300537109375
0.0502166748046875
-0.0
-0.006977081298828125
0.0291595458984375
0.01012420654296875
-0.0406951904296875
-0.01006317138671875
-0.0247955322265625
0.04802703857421875
-0.00878143310546875
-0.1361083984375
0.017749786376953125
0.02419281005859375
0.0
0.0132904052734375
