-0.029621124267578125
-0.0231170654296875
0.015186309814453125
0.010986328125
0.029773712158203125
-0.012989044189453125
-0.016468048095703125
-0.0195465087890625
0.06386566162109375
-0.03558349609375
0.0
0.003910064697265625
-0.0041351318359375
-0.0081634521484375
-0.029817581176757812
-0.004192352294921875
-0.06610107421875
0.01312255859375
-0.006069183349609375
0.0391845703125
-0.006439208984375
-0.00478363037109375
-0.032291412353515625
-0.031681060791015625
0.041370391845703125
-0.005764007568359375
-0.007793426513671875
-0.003963470458984375
0.059661865234375
-0.13037109375
0.003192901611328125
0.039825439453125
