-0.01027679443359375
0.040786027908325195
0.00963449478149414
0.0
-0.026976585388183594
-0.002890348434448242
-0.0012845993041992188
-0.019590139389038086
0.028582334518432617
-0.0067441463470458984
-0.0067441463470458984
-0.014772891998291016
0.01509404182434082
0.0009634494781494141
-0.028582334518432617
-0.003211498260498047
-0.0205535888671875
0.01702094078063965
0.0025691986083984375
0.002890348434448242
-0.011882543563842773
0.005780696868896484
0.009313344955444336
0.025691986083984375
0.02183818817138672
0.014772891998291016
-0.02408623695373535
-0.011882543563842773
0.016699790954589844
0.024407386779785156
0.0067441463470458984
-0.0025691986083984375
