0.03110504150390625
-0.017314910888671875
0.037078857421875
-0.00824737548828125
-0.00968170166015625
-0.038360595703125
0.0
0.0
0.020977020263671875
-0.02199554443359375
0.018358230590820312
-0.00691986083984375
0.004364013671875
0.015735626220703125
0.01311492919921875
-0.00820159912109375
0.0077533721923828125
-0.0
-0.193115234375
-0.0119781494140625
-0.00685882568359375
-0.0190582275390625
-0.0
-0.015460968017578125
-0.03277587890625
0.003692626953125
-0.02301025390625
0.0176849365234375
0.0425262451171875
0.035434722900390625
-0.0
0.01389312744140625
