-0.007668256759643555
0.007668256759643555
0.029394984245300293
0.006390213966369629
-0.007668256759643555
-0.011502385139465332
-0.02683889865875244
0.0038341283798217773
0.006390213966369629
0.005112171173095703
0.00894629955291748
0.0396193265914917
-0.007668256759643555
0.0025560855865478516
-0.01533651351928711
0.029394984245300293
0.0
0.01744258403778076
0.020520687103271484
-0.01744258403778076
-0.008208274841308594
-0.016416549682617188
-0.01949465274810791
-0.011286377906799316
-0.008208274841308594
-0.0020520687103271484
-0.004104137420654297
0.015390515327453613
0.008208274841308594
0.006156206130981445
-0.020520687103271484
-0.0318070650100708
