-0.011777877807617188
0.027799606323242188
-0.013469696044921875
0.0158843994140625
0.01568603515625
0.014324188232421875
-0.0
0.0206298828125
0.005779266357421875
0.012836456298828125
-0.0092620849609375
0.0068511962890625
0.0
-0.005146026611328125
-0.00489044189453125
0.005558013916015625
-0.015392303466796875
0.0104217529296875
-0.007770538330078125
-0.013074874877929688
-0.01097869873046875
0.0022525787353515625
-0.01800537109375
-0.009124755859375
0.0034580230712890625
0.0158843994140625
0.0
0.037628173828125
0.017864227294921875
-0.08795166015625
0.010511398315429688
-0.029346466064453125
