0.006681680679321289
-0.026857614517211914
-0.012356758117675781
0.015117526054382324
-0.0060498714447021484
-0.011469841003417969
0.00285494327545166
0.016837120056152344
0.00247955322265625
0.010814666748046875
0.007759451866149902
-0.019092559814453125
0.04127049446105957
-0.019535422325134277
0.024662375450134277
0.004977583885192871
-0.012077927589416504
0.000492095947265625
-0.005330443382263184
-0.005513668060302734
0.00644683837890625
-0.0011050701141357422
-0.010409832000732422
0.015423893928527832
0.004072427749633789
0.0035686492919921875
0.01977229118347168
-0.0016689300537109375
0.009137153625488281
-0.0065767765045166016
-0.032459259033203125
-0.009182453155517578
