-0.0017604827880859375
-0.0052814483642578125
0.019365310668945312
0.012323379516601562
0.003520965576171875
-0.008802413940429688
0.0052814483642578125
-0.0017604827880859375
0.0140838623046875
-0.0052814483642578125
-0.008802413940429688
0.024646759033203125
0.010562896728515625
0.0017604827880859375
-0.0140838623046875
-0.0
-0.0017604827880859375
0.015844345092773438
-0.010562896728515625
0.0140838623046875
-0.0140838623046875
0.0017604827880859375
-0.0
-0.00704193115234375
-0.0
-0.00704193115234375
0.026407241821289062
-0.003520965576171875
0.0140838623046875
-0.012323379516601562
-0.0052814483642578125
-0.00704193115234375
