0.03110504150390625
-0.1036834716796875
-0.0
-0.01036834716796875
0.0207366943359375
-0.1036834716796875
-0.01036834716796875
0.01036834716796875
-0.07257843017578125
-0.03110504150390625
0.01036834716796875
-0.041473388671875
-0.13478851318359375
0.124420166015625
0.0207366943359375
-0.1036834716796875
0.0207366943359375
-0.03110504150390625
0.0622100830078125
0.08294677734375
-0.11405181884765625
-0.01036834716796875
-0.08294677734375
-0.01036834716796875
-0.0
0.05184173583984375
0.07257843017578125
-0.03110504150390625
-0.03110504150390625
0.1658935546875
0.08294677734375
0.03110504150390625
