0.006681680679321289
0.013229727745056152
0.016971468925476074
0.003608107566833496
-0.0014699697494506836
-0.00040090084075927734
-0.012160658836364746
0.010824322700500488
-0.0040090084075927734
0.003608107566833496
0.0010690689086914062
-0.003741741180419922
0.006948947906494141
0.0033408403396606445
-0.00507807731628418
0.0014699697494506836
-0.002405405044555664
0.0038753747940063477
0.0028063058853149414
-0.007483482360839844
0.006681680679321289
0.0032072067260742188
0.007082581520080566
-0.001202702522277832
0.0009354352951049805
0.00040090084075927734
0.0009354352951049805
0.016971468925476074
-0.00013363361358642578
0.0064144134521484375
-0.0022717714309692383
0.008819818496704102
