0.0066986083984375
0.01004791259765625
0.0066986083984375
0.01004791259765625
-0.01004791259765625
-0.03684234619140625
-0.00334930419921875
-0.01674652099609375
-0.0334930419921875
-0.00334930419921875
0.0468902587890625
0.00334930419921875
-0.01674652099609375
0.0200958251953125
-0.0334930419921875
-0.0535888671875
0.03014373779296875
0.00334930419921875
-0.040191650390625
-0.0334930419921875
-0.03014373779296875
-0.02344512939453125
0.0066986083984375
0.013397216796875
0.0
0.01674652099609375
-0.040191650390625
-0.013397216796875
-0.04354095458984375
-0.02679443359375
-0.02344512939453125
0.01004791259765625
