-0.011777877807617188
0.0070667266845703125
0.0
0.0023555755615234375
0.0070667266845703125
-0.014133453369140625
0.021200180053710938
0.0070667266845703125
0.004711151123046875
-0.0070667266845703125
-0.0023555755615234375
-0.00942230224609375
-0.0070667266845703125
0.016489028930664062
0.004711151123046875
0.016489028930664062
-0.004711151123046875
0.0
-0.037689208984375
0.014133453369140625
-0.021200180053710938
0.0
-0.021200180053710938
-0.004711151123046875
-0.004711151123046875
0.004711151123046875
0.023555755615234375
0.03533363342285156
-0.00942230224609375
0.00942230224609375
-0.00942230224609375
0.016489028930664062
