-0.007668256759643555
0.004526674747467041
0.015137672424316406
0.0009375810623168945
-0.00311279296875
-0.00856161117553711
0.0016764402389526367
0.028026461601257324
0.017910897731781006
0.00934600830078125
-0.0037363171577453613
0.028163909912109375
-0.0026407241821289062
0.007624626159667969
0.01141965389251709
-0.03154468536376953
0.01470494270324707
0.007949531078338623
0.00177001953125
0.01318424940109253
-0.020593643188476562
0.006455719470977783
0.014739990234375
-0.01565372943878174
-0.006003141403198242
0.02450108528137207
-0.023238658905029297
0.018790483474731445
0.02323150634765625
-0.017173290252685547
-0.005332231521606445
-0.012949705123901367
