-0.029621124267578125
0.020734786987304688
-0.005924224853515625
0.0236968994140625
0.01184844970703125
0.029621124267578125
0.020734786987304688
-0.0029621124267578125
-0.014810562133789062
-0.0029621124267578125
0.008886337280273438
0.017772674560546875
0.020734786987304688
-0.008886337280273438
0.014810562133789062
0.029621124267578125
0.0029621124267578125
0.047393798828125
-0.01184844970703125
-0.017772674560546875
0.041469573974609375
0.005924224853515625
0.01184844970703125
0.020734786987304688
-0.0029621124267578125
-0.014810562133789062
0.008886337280273438
-0.0
-0.03258323669433594
0.005924224853515625
-0.017772674560546875
-0.014810562133789062
